3777, 3, 73, 9
3, 5, 5
2, 3000, 1000, 5
1008000, 1013000, 0, 0
1011000, 1012797, 0, 0
1014000, 1012594, 0, 0
1017000, 1012391, 0, 0
1020000, 1012188, 0, 0
1023000, 1011984, 0, 0
1026000, 1011781, 0, 0
1029000, 1011578, 0, 0
1032000, 1011375, 0, 0
1035000, 1011172, 1, 0
1038000, 1010969, 0, 0
1041000, 1010766, 0, 0
1044000, 1010563, 0, 0
1047000, 1010359, 0, 0
1050000, 1010156, 0, 0
1053000, 1009953, 0, 0
1056000, 1009750, 0, 0
1059000, 1009547, 0, 0
1062000, 1009344, 0, 0
1065000, 1009141, 0, 0
1068000, 1008938, 0, 0
1071000, 1008734, 0, 0
1074000, 1008531, 0, 0
1077000, 1008328, 0, 0
1080000, 1008125, 0, 0
1083000, 1007922, 0, 0
1086000, 1007719, 0, 0
1089000, 1007516, 0, 0
1092000, 1007313, 0, 0
1095000, 1007109, 0, 0
1098000, 1006906, 0, 0
1101000, 1006703, 0, 0
1104000, 1006500, 0, 0
1107000, 1006297, 0, 0
1110000, 1006094, 0, 0
1113000, 1005891, 0, 0
1116000, 1005688, 0, 0
1119000, 1005484, 0, 0
1122000, 1005281, 0, 0
1125000, 1005078, 0, 0
1128000, 1004875, 0, 0
1131000, 1004672, 0, 0
1134000, 1004469, 0, 0
1137000, 1004266, 0, 0
1140000, 1004063, 0, 0
1143000, 1003859, 0, 0
1146000, 1003656, 0, 0
1149000, 1003453, 0, 0
1152000, 1003250, 0, 0
1155000, 1003047, 0, 0
1158000, 1002844, 0, 0
1161000, 1002641, 0, 0
1164000, 1002438, 0, 0
1167000, 1002234, 0, 0
1170000, 1002031, 0, 0
1173000, 1001828, 0, 0
1176000, 1001625, 0, 0
1179000, 1001422, 0, 0
1182000, 1001219, 0, 0
1185000, 1001016, 0, 0
1188000, 1000813, 0, 0
1191000, 1000609, 0, 0
1194000, 1000406, 0, 0
1197000, 1000203, 0, 0
1200000, 1000000, 0, 0
1201563, 1000000, 0, 0
1203125, 1000000, 0, 0
1204688, 1000000, 0, 0
1206250, 1000000, 0, 0
1207813, 1000000, 0, 0
1209375, 1000000, 0, 0
1210938, 1000000, 0, 0
1212500, 1000000, 0, 0
1214063, 1000000, 0, 0
1215625, 1000000, 0, 0
1217188, 1000000, 0, 0
1218750, 1000000, 0, 0
1220313, 1000000, 0, 0
1221875, 1000000, 0, 0
1223438, 1000000, 0, 0
1225000, 1000000, 0, 0
1226563, 1000000, 0, 0
1228125, 1000000, 0, 0
1229688, 1000000, 0, 0
1231250, 1000000, 0, 0
1232813, 1000000, 0, 0
1234375, 1000000, 0, 0
1235938, 1000000, 0, 0
1237500, 1000000, 0, 0
1239063, 1000000, 0, 0
1240625, 1000000, 0, 0
1242188, 1000000, 0, 0
1243750, 1000000, 0, 0
1245313, 1000000, 0, 0
1246875, 1000000, 0, 0
1248438, 1000000, 0, 0
1250000, 1000000, 0, 0
1251563, 1000000, 0, 0
1253125, 1000000, 0, 0
1254688, 1000000, 0, 0
1256250, 1000000, 0, 0
1257813, 1000000, 0, 0
1259375, 1000000, 0, 0
1260938, 1000000, 0, 0
1262500, 1000000, 0, 0
1264063, 1000000, 0, 0
1265625, 1000000, 0, 0
1267188, 1000000, 0, 0
1268750, 1000000, 0, 0
1270313, 1000000, 0, 0
1271875, 1000000, 0, 0
1273438, 1000000, 0, 0
1275000, 1000000, 0, 0
1276563, 1000000, 0, 0
1278125, 1000000, 0, 0
1279688, 1000000, 0, 0
1281250, 1000000, 0, 0
1282813, 1000000, 0, 0
1284375, 1000000, 0, 0
1285938, 1000000, 0, 0
1287500, 1000000, 0, 0
1289063, 1000000, 0, 0
1290625, 1000000, 0, 0
1292188, 1000000, 0, 0
1293750, 1000000, 0, 0
1295313, 1000000, 0, 0
1296875, 1000000, 0, 0
1298438, 1000000, 0, 0
1300000, 1000000, 0, 0
1300734, 1000453, 0, 0
1301469, 1000906, 0, 0
1302203, 1001359, 1, 0
1302938, 1001813, 0, 0
1303672, 1002266, 0, 0
1304406, 1002719, 0, 0
1305141, 1003172, 0, 0
1305875, 1003625, 0, 0
1306609, 1004078, 0, 0
1307344, 1004531, 0, 0
1308078, 1004984, 0, 0
1308813, 1005438, 0, 0
1309547, 1005891, 0, 0
1310281, 1006344, 0, 0
1311016, 1006797, 0, 0
1311750, 1007250, 0, 0
1312484, 1007703, 1, 0
1313219, 1008156, 0, 0
1313953, 1008609, 0, 0
1314688, 1009063, 0, 0
1315422, 1009516, 0, 0
1316156, 1009969, 0, 0
1316891, 1010422, 0, 0
1317625, 1010875, 0, 0
1318359, 1011328, 0, 0
1319094, 1011781, 0, 0
1319828, 1012234, 0, 0
1320563, 1012688, 0, 0
1321297, 1013141, 0, 0
1322031, 1013594, 0, 0
1322766, 1014047, 0, 0
1323500, 1014500, 0, 0
1324234, 1014953, 0, 0
1324969, 1015406, 0, 0
1325703, 1015859, 0, 0
1326438, 1016313, 0, 0
1327172, 1016766, 0, 0
1327906, 1017219, 0, 0
1328641, 1017672, 0, 0
1329375, 1018125, 0, 0
1330109, 1018578, 0, 0
1330844, 1019031, 0, 0
1331578, 1019484, 0, 0
1332313, 1019938, 0, 0
1333047, 1020391, 0, 0
1333781, 1020844, 0, 0
1334516, 1021297, 0, 0
1335250, 1021750, 0, 0
1335984, 1022203, 0, 0
1336719, 1022656, 0, 0
1337453, 1023109, 0, 0
1338188, 1023563, 0, 0
1338922, 1024016, 0, 0
1339656, 1024469, 0, 0
1340391, 1024922, 0, 0
1341125, 1025375, 0, 0
1341859, 1025828, 0, 0
1342594, 1026281, 0, 0
1343328, 1026734, 1, 0
1344063, 1027188, 0, 0
1344797, 1027641, 0, 0
1345531, 1028094, 0, 0
1346266, 1028547, 0, 0
1347000, 1029000, 0, 0
1344188, 1029453, 0, 0
1341375, 1029906, 0, 0
1338563, 1030359, 0, 0
1335750, 1030813, 0, 0
1332938, 1031266, 0, 0
1330125, 1031719, 0, 0
1327313, 1032172, 0, 0
1324500, 1032625, 0, 0
1321688, 1033078, 0, 0
1318875, 1033531, 0, 0
1316063, 1033984, 0, 0
1313250, 1034438, 0, 0
1310438, 1034891, 0, 0
1307625, 1035344, 0, 0
1304813, 1035797, 0, 0
1302000, 1036250, 0, 0
1299188, 1036703, 0, 0
1296375, 1037156, 0, 0
1293563, 1037609, 0, 0
1290750, 1038063, 0, 0
1287938, 1038516, 0, 0
1285125, 1038969, 0, 0
1282313, 1039422, 0, 0
1279500, 1039875, 0, 0
1276688, 1040328, 0, 0
1273875, 1040781, 0, 0
1271063, 1041234, 0, 0
1268250, 1041688, 0, 0
1265438, 1042141, 0, 0
1262625, 1042594, 0, 0
1259813, 1043047, 0, 0
1257000, 1043500, 0, 0
1254188, 1043953, 0, 0
1251375, 1044406, 0, 0
1248563, 1044859, 0, 0
1245750, 1045313, 0, 0
1242938, 1045766, 0, 0
1240125, 1046219, 0, 0
1237313, 1046672, 0, 0
1234500, 1047125, 0, 0
1231688, 1047578, 0, 0
1228875, 1048031, 0, 0
1226063, 1048484, 1, 0
1223250, 1048938, 0, 0
1220438, 1049391, 0, 0
1217625, 1049844, 0, 0
1214813, 1050297, 0, 0
1212000, 1050750, 0, 0
1209188, 1051203, 0, 0
1206375, 1051656, 0, 0
1203563, 1052109, 0, 0
1200750, 1052563, 0, 0
1197938, 1053016, 0, 0
1195125, 1053469, 0, 0
1192313, 1053922, 0, 0
1189500, 1054375, 0, 0
1186688, 1054828, 0, 0
1183875, 1055281, 0, 0
1181063, 1055734, 0, 0
1178250, 1056188, 0, 0
1175438, 1056641, 0, 0
1172625, 1057094, 0, 0
1169813, 1057547, 0, 0
1167000, 1058000, 0, 0
1168156, 1062094, 0, 0
1169313, 1066188, 0, 0
1170469, 1070281, 0, 0
1171625, 1074375, 0, 0
1172781, 1078469, 0, 0
1173938, 1082563, 0, 0
1175094, 1086656, 0, 0
1176250, 1090750, 0, 0
1177406, 1094844, 0, 0
1178563, 1098938, 0, 0
1179719, 1103031, 0, 0
1180875, 1107125, 0, 0
1182031, 1111219, 0, 0
1183188, 1115313, 0, 0
1184344, 1119406, 0, 0
1185500, 1123500, 0, 0
1186656, 1127594, 0, 0
1187813, 1131688, 0, 0
1188969, 1135781, 0, 0
1190125, 1139875, 0, 0
1191281, 1143969, 0, 0
1192438, 1148063, 0, 0
1193594, 1152156, 0, 0
1194750, 1156250, 0, 0
1195906, 1160344, 0, 0
1197063, 1164438, 0, 0
1198219, 1168531, 0, 0
1199375, 1172625, 0, 0
1200531, 1176719, 0, 0
1201688, 1180813, 0, 0
1202844, 1184906, 0, 0
1204000, 1189000, 0, 0
1205156, 1193094, 0, 0
1206313, 1197188, 0, 0
1207469, 1201281, 0, 0
1208625, 1205375, 0, 0
1209781, 1209469, 0, 0
1210938, 1213563, 0, 0
1212094, 1217656, 0, 0
1213250, 1221750, 0, 0
1214406, 1225844, 0, 0
1215563, 1229938, 0, 0
1216719, 1234031, 0, 0
1217875, 1238125, 0, 0
1219031, 1242219, 0, 0
1220188, 1246313, 0, 0
1221344, 1250406, 0, 0
1222500, 1254500, 0, 0
1223656, 1258594, 0, 0
1224813, 1262688, 0, 0
1225969, 1266781, 0, 0
1227125, 1270875, 0, 0
1228281, 1274969, 0, 0
1229438, 1279063, 0, 0
1230594, 1283156, 0, 0
1231750, 1287250, 0, 0
1232906, 1291344, 0, 0
1234063, 1295438, 0, 0
1235219, 1299531, 0, 0
1236375, 1303625, 0, 0
1237531, 1307719, 0, 0
1238688, 1311813, 0, 0
1239844, 1315906, 0, 1
1241000, 1320000, 0, 0
1240516, 1318734, 0, 0
1240031, 1317469, 0, 0
1239547, 1316203, 0, 0
1239063, 1314938, 0, 0
1238578, 1313672, 0, 0
1238094, 1312406, 0, 0
1237609, 1311141, 0, 0
1237125, 1309875, 0, 0
1236641, 1308609, 0, 0
1236156, 1307344, 0, 0
1235672, 1306078, 0, 0
1235188, 1304813, 0, 0
1234703, 1303547, 0, 0
1234219, 1302281, 0, 0
1233734, 1301016, 0, 0
1233250, 1299750, 0, 0
1232766, 1298484, 0, 0
1232281, 1297219, 0, 0
1231797, 1295953, 0, 0
1231313, 1294688, 0, 0
1230828, 1293422, 0, 0
1230344, 1292156, 0, 0
1229859, 1290891, 0, 0
1229375, 1289625, 0, 0
1228891, 1288359, 0, 0
1228406, 1287094, 0, 0
1227922, 1285828, 0, 0
1227438, 1284563, 0, 0
1226953, 1283297, 0, 0
1226469, 1282031, 0, 0
1225984, 1280766, 0, 0
1225500, 1279500, 0, 0
1225016, 1278234, 0, 0
1224531, 1276969, 0, 0
1224047, 1275703, 0, 0
1223563, 1274438, 0, 0
1223078, 1273172, 0, 0
1222594, 1271906, 0, 0
1222109, 1270641, 0, 0
1221625, 1269375, 0, 0
1221141, 1268109, 0, 0
1220656, 1266844, 0, 0
1220172, 1265578, 0, 0
1219688, 1264313, 0, 0
1219203, 1263047, 0, 0
1218719, 1261781, 0, 0
1218234, 1260516, 0, 0
1217750, 1259250, 0, 0
1217266, 1257984, 0, 0
1216781, 1256719, 0, 0
1216297, 1255453, 0, 0
1215813, 1254188, 0, 0
1215328, 1252922, 0, 0
1214844, 1251656, 0, 0
1214359, 1250391, 0, 0
1213875, 1249125, 0, 0
1213391, 1247859, 0, 0
1212906, 1246594, 0, 0
1212422, 1245328, 0, 0
1211938, 1244063, 0, 0
1211453, 1242797, 0, 0
1210969, 1241531, 0, 0
1210484, 1240266, 0, 0
1210000, 1239000, 0, 0
1207953, 1235797, 0, 0
1205906, 1232594, 0, 0
1203859, 1229391, 0, 0
1201813, 1226188, 0, 0
1199766, 1222984, 0, 0
1197719, 1219781, 0, 0
1195672, 1216578, 0, 0
1193625, 1213375, 0, 0
1191578, 1210172, 0, 0
1189531, 1206969, 0, 0
1187484, 1203766, 0, 0
1185438, 1200563, 0, 0
1183391, 1197359, 0, 0
1181344, 1194156, 0, 0
1179297, 1190953, 0, 0
1177250, 1187750, 0, 0
1175203, 1184547, 0, 0
1173156, 1181344, 0, 0
1171109, 1178141, 0, 0
1169063, 1174938, 0, 0
1167016, 1171734, 0, 0
1164969, 1168531, 0, 0
1162922, 1165328, 0, 0
1160875, 1162125, 0, 0
1158828, 1158922, 0, 0
1156781, 1155719, 0, 0
1154734, 1152516, 0, 0
1152688, 1149313, 0, 0
1150641, 1146109, 0, 0
1148594, 1142906, 0, 0
1146547, 1139703, 0, 0
1144500, 1136500, 0, 0
1142453, 1133297, 0, 0
1140406, 1130094, 0, 0
1138359, 1126891, 0, 0
1136313, 1123688, 0, 0
1134266, 1120484, 0, 0
1132219, 1117281, 0, 0
1130172, 1114078, 0, 0
1128125, 1110875, 0, 0
1126078, 1107672, 0, 0
1124031, 1104469, 0, 0
1121984, 1101266, 0, 0
1119938, 1098063, 0, 0
1117891, 1094859, 0, 0
1115844, 1091656, 0, 0
1113797, 1088453, 0, 0
1111750, 1085250, 0, 0
1109703, 1082047, 0, 0
1107656, 1078844, 0, 0
1105609, 1075641, 0, 0
1103563, 1072438, 0, 0
1101516, 1069234, 0, 0
1099469, 1066031, 0, 0
1097422, 1062828, 0, 0
1095375, 1059625, 0, 0
1093328, 1056422, 0, 0
1091281, 1053219, 0, 0
1089234, 1050016, 0, 0
1087188, 1046813, 0, 0
1085141, 1043609, 0, 0
1083094, 1040406, 0, 0
1081047, 1037203, 0, 0
1079000, 1034000, 0, 0
1078156, 1034063, 0, 0
1077313, 1034125, 0, 0
1076469, 1034188, 0, 0
1075625, 1034250, 0, 0
1074781, 1034313, 0, 0
1073938, 1034375, 0, 0
1073094, 1034438, 0, 0
1072250, 1034500, 0, 0
1071406, 1034563, 0, 0
1070563, 1034625, 0, 0
1069719, 1034688, 0, 0
1068875, 1034750, 0, 0
1068031, 1034813, 0, 0
1067188, 1034875, 0, 0
1066344, 1034938, 0, 0
1065500, 1035000, 0, 0
1064656, 1035063, 0, 0
1063813, 1035125, 0, 0
1062969, 1035188, 0, 0
1062125, 1035250, 0, 0
1061281, 1035313, 0, 0
1060438, 1035375, 0, 0
1059594, 1035438, 1, 0
1058750, 1035500, 0, 0
1057906, 1035563, 0, 0
1057063, 1035625, 0, 0
1056219, 1035688, 0, 0
1055375, 1035750, 0, 0
1054531, 1035813, 0, 0
1053688, 1035875, 0, 0
1052844, 1035938, 0, 0
1052000, 1036000, 0, 0
1051156, 1036063, 0, 0
1050313, 1036125, 0, 0
1049469, 1036188, 0, 0
1048625, 1036250, 0, 0
1047781, 1036313, 0, 0
1046938, 1036375, 0, 0
1046094, 1036438, 0, 0
1045250, 1036500, 0, 0
1044406, 1036563, 0, 0
1043563, 1036625, 0, 0
1042719, 1036688, 0, 0
1041875, 1036750, 0, 0
1041031, 1036813, 0, 0
1040188, 1036875, 0, 0
1039344, 1036938, 0, 0
1038500, 1037000, 0, 0
1037656, 1037063, 0, 0
1036813, 1037125, 0, 0
1035969, 1037188, 1, 0
1035125, 1037250, 0, 0
1034281, 1037313, 0, 0
1033438, 1037375, 0, 0
1032594, 1037438, 0, 0
1031750, 1037500, 0, 0
1030906, 1037563, 0, 0
1030063, 1037625, 0, 0
1029219, 1037688, 0, 0
1028375, 1037750, 0, 0
1027531, 1037813, 0, 0
1026688, 1037875, 0, 0
1025844, 1037938, 0, 0
1025000, 1038000, 0, 0
1027734, 1045063, 0, 0
1030469, 1052125, 0, 0
1033203, 1059188, 0, 0
1035938, 1066250, 0, 0
1038672, 1073313, 0, 0
1041406, 1080375, 0, 0
1044141, 1087438, 0, 0
1046875, 1094500, 0, 0
1049609, 1101563, 1, 0
1052344, 1108625, 0, 0
1055078, 1115688, 0, 0
1057813, 1122750, 0, 0
1060547, 1129813, 0, 0
1063281, 1136875, 0, 0
1066016, 1143938, 0, 0
1068750, 1151000, 0, 0
1071484, 1158063, 0, 0
1074219, 1165125, 0, 0
1076953, 1172188, 0, 0
1079688, 1179250, 0, 0
1082422, 1186313, 0, 0
1085156, 1193375, 0, 0
1087891, 1200438, 0, 0
1090625, 1207500, 0, 0
1093359, 1214563, 0, 0
1096094, 1221625, 0, 0
1098828, 1228688, 0, 0
1101563, 1235750, 0, 0
1104297, 1242813, 0, 0
1107031, 1249875, 0, 0
1109766, 1256938, 0, 0
1112500, 1264000, 0, 0
1115234, 1271063, 0, 0
1117969, 1278125, 0, 0
1120703, 1285188, 0, 0
1123438, 1292250, 0, 0
1126172, 1299313, 0, 0
1128906, 1306375, 0, 0
1131641, 1313438, 0, 0
1134375, 1320500, 0, 0
1137109, 1327563, 0, 0
1139844, 1334625, 0, 0
1142578, 1341688, 0, 0
1145313, 1348750, 0, 0
1148047, 1355813, 0, 0
1150781, 1362875, 0, 0
1153516, 1369938, 0, 0
1156250, 1377000, 0, 0
1158984, 1384063, 0, 0
1161719, 1391125, 0, 0
1164453, 1398188, 0, 0
1167188, 1405250, 0, 0
1169922, 1412313, 0, 0
1172656, 1419375, 0, 0
1175391, 1426438, 0, 0
1178125, 1433500, 0, 0
1180859, 1440563, 0, 0
1183594, 1447625, 0, 0
1186328, 1454688, 0, 0
1189063, 1461750, 0, 0
1191797, 1468813, 0, 0
1194531, 1475875, 0, 0
1197266, 1482938, 0, 0
1200000, 1490000, 0, 0
1200094, 1490016, 0, 0
1200188, 1490031, 0, 0
1200281, 1490047, 0, 0
1200375, 1490063, 0, 0
1200469, 1490078, 0, 0
1200563, 1490094, 0, 0
1200656, 1490109, 0, 0
1200750, 1490125, 0, 0
1200844, 1490141, 0, 0
1200938, 1490156, 0, 0
1201031, 1490172, 0, 0
1201125, 1490188, 0, 0
1201219, 1490203, 0, 0
1201313, 1490219, 0, 0
1201406, 1490234, 0, 0
1201500, 1490250, 0, 0
1201594, 1490266, 0, 0
1201688, 1490281, 0, 0
1201781, 1490297, 0, 0
1201875, 1490313, 0, 0
1201969, 1490328, 0, 0
1202063, 1490344, 0, 0
1202156, 1490359, 0, 0
1202250, 1490375, 0, 0
1202344, 1490391, 0, 0
1202438, 1490406, 0, 0
1202531, 1490422, 0, 0
1202625, 1490438, 0, 0
1202719, 1490453, 0, 0
1202813, 1490469, 0, 0
1202906, 1490484, 0, 0
1203000, 1490500, 0, 0
1203094, 1490516, 0, 0
1203188, 1490531, 0, 0
1203281, 1490547, 0, 0
1203375, 1490563, 0, 0
1203469, 1490578, 0, 0
1203563, 1490594, 0, 0
1203656, 1490609, 0, 0
1203750, 1490625, 0, 0
1203844, 1490641, 0, 0
1203938, 1490656, 0, 0
1204031, 1490672, 0, 0
1204125, 1490688, 0, 0
1204219, 1490703, 0, 0
1204313, 1490719, 0, 0
1204406, 1490734, 0, 0
1204500, 1490750, 0, 0
1204594, 1490766, 0, 0
1204688, 1490781, 0, 0
1204781, 1490797, 0, 0
1204875, 1490813, 0, 0
1204969, 1490828, 0, 0
1205063, 1490844, 0, 0
1205156, 1490859, 0, 0
1205250, 1490875, 0, 0
1205344, 1490891, 0, 0
1205438, 1490906, 0, 0
1205531, 1490922, 0, 0
1205625, 1490938, 0, 0
1205719, 1490953, 0, 0
1205813, 1490969, 0, 0
1205906, 1490984, 0, 0
1206000, 1491000, 0, 0
1206063, 1491078, 0, 0
1206125, 1491156, 0, 0
1206188, 1491234, 0, 0
1206250, 1491313, 0, 0
1206313, 1491391, 0, 0
1206375, 1491469, 0, 0
1206438, 1491547, 0, 0
1206500, 1491625, 0, 0
1206563, 1491703, 0, 0
1206625, 1491781, 0, 0
1206688, 1491859, 0, 0
1206750, 1491938, 0, 0
1206813, 1492016, 0, 0
1206875, 1492094, 0, 0
1206938, 1492172, 0, 0
1207000, 1492250, 0, 0
1207063, 1492328, 0, 0
1207125, 1492406, 0, 0
1207188, 1492484, 0, 0
1207250, 1492563, 0, 0
1207313, 1492641, 0, 0
1207375, 1492719, 0, 0
1207438, 1492797, 0, 0
1207500, 1492875, 0, 0
1207563, 1492953, 0, 0
1207625, 1493031, 0, 1
1207688, 1493109, 0, 0
1207750, 1493188, 0, 0
1207813, 1493266, 0, 0
1207875, 1493344, 0, 0
1207938, 1493422, 0, 0
1208000, 1493500, 0, 0
1208063, 1493578, 0, 0
1208125, 1493656, 0, 0
1208188, 1493734, 0, 0
1208250, 1493813, 0, 0
1208313, 1493891, 0, 0
1208375, 1493969, 0, 0
1208438, 1494047, 0, 0
1208500, 1494125, 0, 0
1208563, 1494203, 0, 0
1208625, 1494281, 0, 0
1208688, 1494359, 0, 0
1208750, 1494438, 0, 0
1208813, 1494516, 0, 0
1208875, 1494594, 0, 0
1208938, 1494672, 0, 0
1209000, 1494750, 0, 0
1209063, 1494828, 0, 0
1209125, 1494906, 0, 0
1209188, 1494984, 1, 0
1209250, 1495063, 0, 0
1209313, 1495141, 0, 0
1209375, 1495219, 0, 0
1209438, 1495297, 0, 0
1209500, 1495375, 0, 0
1209563, 1495453, 0, 0
1209625, 1495531, 0, 0
1209688, 1495609, 0, 0
1209750, 1495688, 0, 0
1209813, 1495766, 0, 0
1209875, 1495844, 0, 0
1209938, 1495922, 0, 0
1210000, 1496000, 0, 0
1210547, 1495906, 0, 0
1211094, 1495813, 0, 0
1211641, 1495719, 0, 0
1212188, 1495625, 0, 0
1212734, 1495531, 0, 0
1213281, 1495438, 0, 0
1213828, 1495344, 0, 0
1214375, 1495250, 0, 0
1214922, 1495156, 0, 0
1215469, 1495063, 0, 0
1216016, 1494969, 0, 0
1216563, 1494875, 0, 0
1217109, 1494781, 0, 0
1217656, 1494688, 0, 0
1218203, 1494594, 0, 0
1218750, 1494500, 0, 0
1219297, 1494406, 0, 0
1219844, 1494313, 0, 0
1220391, 1494219, 0, 0
1220938, 1494125, 0, 0
1221484, 1494031, 0, 0
1222031, 1493938, 0, 0
1222578, 1493844, 1, 0
1223125, 1493750, 0, 0
1223672, 1493656, 0, 0
1224219, 1493563, 0, 0
1224766, 1493469, 0, 0
1225313, 1493375, 0, 0
1225859, 1493281, 0, 0
1226406, 1493188, 0, 0
1226953, 1493094, 0, 0
1227500, 1493000, 0, 0
1228047, 1492906, 0, 0
1228594, 1492813, 0, 0
1229141, 1492719, 0, 0
1229688, 1492625, 0, 0
1230234, 1492531, 0, 0
1230781, 1492438, 0, 0
1231328, 1492344, 0, 0
1231875, 1492250, 0, 0
1232422, 1492156, 0, 0
1232969, 1492063, 1, 0
1233516, 1491969, 0, 0
1234063, 1491875, 0, 0
1234609, 1491781, 0, 0
1235156, 1491688, 0, 0
1235703, 1491594, 0, 0
1236250, 1491500, 0, 0
1236797, 1491406, 0, 0
1237344, 1491313, 0, 0
1237891, 1491219, 0, 0
1238438, 1491125, 0, 0
1238984, 1491031, 0, 0
1239531, 1490938, 0, 0
1240078, 1490844, 0, 0
1240625, 1490750, 0, 0
1241172, 1490656, 0, 0
1241719, 1490563, 0, 0
1242266, 1490469, 0, 0
1242813, 1490375, 0, 0
1243359, 1490281, 0, 0
1243906, 1490188, 0, 0
1244453, 1490094, 0, 0
1245000, 1490000, 0, 0
1245859, 1490000, 0, 0
1246719, 1490000, 0, 0
1247578, 1490000, 0, 0
1248438, 1490000, 0, 0
1249297, 1490000, 0, 0
1250156, 1490000, 0, 0
1251016, 1490000, 0, 0
1251875, 1490000, 0, 0
1252734, 1490000, 0, 0
1253594, 1490000, 0, 0
1254453, 1490000, 0, 0
1255313, 1490000, 0, 0
1256172, 1490000, 1, 0
1257031, 1490000, 0, 0
1257891, 1490000, 0, 0
1258750, 1490000, 0, 0
1259609, 1490000, 0, 0
1260469, 1490000, 0, 0
1261328, 1490000, 0, 0
1262188, 1490000, 0, 0
1263047, 1490000, 0, 0
1263906, 1490000, 0, 0
1264766, 1490000, 0, 0
1265625, 1490000, 0, 0
1266484, 1490000, 0, 0
1267344, 1490000, 0, 0
1268203, 1490000, 0, 0
1269063, 1490000, 0, 0
1269922, 1490000, 0, 0
1270781, 1490000, 0, 0
1271641, 1490000, 0, 0
1272500, 1490000, 0, 0
1273359, 1490000, 0, 0
1274219, 1490000, 0, 0
1275078, 1490000, 0, 0
1275938, 1490000, 0, 0
1276797, 1490000, 0, 0
1277656, 1490000, 0, 0
1278516, 1490000, 0, 0
1279375, 1490000, 0, 0
1280234, 1490000, 0, 0
1281094, 1490000, 0, 0
1281953, 1490000, 0, 0
1282813, 1490000, 0, 0
1283672, 1490000, 0, 0
1284531, 1490000, 0, 0
1285391, 1490000, 0, 0
1286250, 1490000, 0, 0
1287109, 1490000, 0, 0
1287969, 1490000, 0, 0
1288828, 1490000, 0, 0
1289688, 1490000, 0, 0
1290547, 1490000, 0, 0
1291406, 1490000, 0, 0
1292266, 1490000, 0, 0
1293125, 1490000, 0, 0
1293984, 1490000, 0, 0
1294844, 1490000, 0, 0
1295703, 1490000, 0, 0
1296563, 1490000, 0, 0
1297422, 1490000, 0, 0
1298281, 1490000, 0, 0
1299141, 1490000, 0, 0
1300000, 1490000, 0, 0
1303125, 1490000, 0, 0
1306250, 1490000, 0, 0
1309375, 1490000, 0, 0
1312500, 1490000, 0, 0
1315625, 1490000, 0, 0
1318750, 1490000, 0, 0
1321875, 1490000, 0, 0
1325000, 1490000, 0, 0
1328125, 1490000, 0, 0
1331250, 1490000, 0, 0
1334375, 1490000, 0, 0
1337500, 1490000, 0, 0
1340625, 1490000, 0, 0
1343750, 1490000, 0, 0
1346875, 1490000, 0, 0
1350000, 1490000, 0, 0
1353125, 1490000, 0, 0
1356250, 1490000, 0, 0
1359375, 1490000, 0, 0
1362500, 1490000, 0, 0
1365625, 1490000, 0, 0
1368750, 1490000, 0, 0
1371875, 1490000, 0, 0
1375000, 1490000, 0, 0
1378125, 1490000, 0, 0
1381250, 1490000, 0, 0
1384375, 1490000, 0, 0
1387500, 1490000, 0, 0
1390625, 1490000, 0, 0
1393750, 1490000, 0, 0
1396875, 1490000, 0, 0
1400000, 1490000, 0, 0
1403125, 1490000, 0, 0
1406250, 1490000, 0, 0
1409375, 1490000, 0, 0
1412500, 1490000, 0, 0
1415625, 1490000, 0, 0
1418750, 1490000, 0, 0
1421875, 1490000, 0, 0
1425000, 1490000, 0, 0
1428125, 1490000, 0, 0
1431250, 1490000, 0, 0
1434375, 1490000, 0, 0
1437500, 1490000, 0, 0
1440625, 1490000, 0, 0
1443750, 1490000, 0, 0
1446875, 1490000, 0, 0
1450000, 1490000, 0, 0
1453125, 1490000, 0, 0
1456250, 1490000, 0, 0
1459375, 1490000, 0, 0
1462500, 1490000, 0, 0
1465625, 1490000, 0, 0
1468750, 1490000, 0, 0
1471875, 1490000, 0, 0
1475000, 1490000, 0, 0
1478125, 1490000, 0, 0
1481250, 1490000, 0, 0
1484375, 1490000, 0, 0
1487500, 1490000, 0, 0
1490625, 1490000, 0, 0
1493750, 1490000, 0, 0
1496875, 1490000, 0, 0
1500000, 1490000, 0, 0
1500047, 1489844, 0, 0
1500094, 1489688, 0, 0
1500141, 1489531, 0, 0
1500188, 1489375, 0, 0
1500234, 1489219, 0, 0
1500281, 1489063, 0, 0
1500328, 1488906, 0, 0
1500375, 1488750, 0, 0
1500422, 1488594, 0, 0
1500469, 1488438, 0, 0
1500516, 1488281, 0, 0
1500563, 1488125, 0, 0
1500609, 1487969, 0, 0
1500656, 1487813, 0, 0
1500703, 1487656, 0, 0
1500750, 1487500, 0, 0
1500797, 1487344, 0, 0
1500844, 1487188, 0, 0
1500891, 1487031, 0, 0
1500938, 1486875, 0, 0
1500984, 1486719, 0, 0
1501031, 1486563, 0, 0
1501078, 1486406, 0, 0
1501125, 1486250, 0, 0
1501172, 1486094, 0, 0
1501219, 1485938, 0, 0
1501266, 1485781, 0, 0
1501313, 1485625, 0, 0
1501359, 1485469, 0, 0
1501406, 1485313, 0, 0
1501453, 1485156, 0, 0
1501500, 1485000, 0, 0
1501547, 1484844, 0, 0
1501594, 1484688, 0, 0
1501641, 1484531, 0, 0
1501688, 1484375, 0, 0
1501734, 1484219, 0, 0
1501781, 1484063, 0, 0
1501828, 1483906, 0, 0
1501875, 1483750, 0, 0
1501922, 1483594, 0, 0
1501969, 1483438, 0, 0
1502016, 1483281, 0, 0
1502063, 1483125, 0, 0
1502109, 1482969, 0, 0
1502156, 1482813, 0, 0
1502203, 1482656, 0, 0
1502250, 1482500, 0, 0
1502297, 1482344, 0, 0
1502344, 1482188, 0, 0
1502391, 1482031, 0, 0
1502438, 1481875, 0, 0
1502484, 1481719, 0, 0
1502531, 1481563, 0, 0
1502578, 1481406, 0, 0
1502625, 1481250, 0, 0
1502672, 1481094, 0, 0
1502719, 1480938, 0, 0
1502766, 1480781, 0, 0
1502813, 1480625, 0, 0
1502859, 1480469, 0, 0
1502906, 1480313, 0, 0
1502953, 1480156, 0, 0
1503000, 1480000, 0, 0
1503063, 1474422, 0, 0
1503125, 1468844, 0, 0
1503188, 1463266, 0, 0
1503250, 1457688, 0, 0
1503313, 1452109, 0, 0
1503375, 1446531, 0, 0
1503438, 1440953, 0, 0
1503500, 1435375, 0, 0
1503563, 1429797, 0, 0
1503625, 1424219, 0, 0
1503688, 1418641, 0, 0
1503750, 1413063, 0, 0
1503813, 1407484, 0, 0
1503875, 1401906, 0, 0
1503938, 1396328, 0, 0
1504000, 1390750, 0, 0
1504063, 1385172, 0, 0
1504125, 1379594, 0, 0
1504188, 1374016, 0, 0
1504250, 1368438, 0, 0
1504313, 1362859, 0, 0
1504375, 1357281, 0, 0
1504438, 1351703, 0, 0
1504500, 1346125, 0, 0
1504563, 1340547, 0, 0
1504625, 1334969, 0, 0
1504688, 1329391, 0, 0
1504750, 1323813, 0, 0
1504813, 1318234, 0, 0
1504875, 1312656, 0, 0
1504938, 1307078, 0, 0
1505000, 1301500, 0, 0
1505063, 1295922, 0, 0
1505125, 1290344, 0, 0
1505188, 1284766, 0, 0
1505250, 1279188, 0, 0
1505313, 1273609, 0, 0
1505375, 1268031, 0, 0
1505438, 1262453, 0, 0
1505500, 1256875, 0, 0
1505563, 1251297, 0, 0
1505625, 1245719, 0, 0
1505688, 1240141, 0, 0
1505750, 1234563, 0, 0
1505813, 1228984, 1, 0
1505875, 1223406, 0, 0
1505938, 1217828, 0, 0
1506000, 1212250, 0, 0
1506063, 1206672, 0, 0
1506125, 1201094, 0, 0
1506188, 1195516, 0, 0
1506250, 1189938, 0, 0
1506313, 1184359, 0, 0
1506375, 1178781, 0, 0
1506438, 1173203, 0, 0
1506500, 1167625, 0, 0
1506563, 1162047, 0, 0
1506625, 1156469, 0, 0
1506688, 1150891, 0, 0
1506750, 1145313, 0, 0
1506813, 1139734, 0, 0
1506875, 1134156, 0, 0
1506938, 1128578, 0, 0
1507000, 1123000, 0, 0
1506891, 1121078, 0, 0
1506781, 1119156, 0, 0
1506672, 1117234, 0, 0
1506563, 1115313, 0, 0
1506453, 1113391, 0, 1
1506344, 1111469, 0, 0
1506234, 1109547, 0, 0
1506125, 1107625, 0, 0
1506016, 1105703, 0, 0
1505906, 1103781, 0, 0
1505797, 1101859, 0, 0
1505688, 1099938, 0, 0
1505578, 1098016, 0, 0
1505469, 1096094, 0, 0
1505359, 1094172, 0, 0
1505250, 1092250, 0, 0
1505141, 1090328, 0, 0
1505031, 1088406, 0, 0
1504922, 1086484, 0, 0
1504813, 1084563, 0, 0
1504703, 1082641, 0, 0
1504594, 1080719, 0, 0
1504484, 1078797, 0, 0
1504375, 1076875, 0, 0
1504266, 1074953, 0, 0
1504156, 1073031, 0, 0
1504047, 1071109, 0, 0
1503938, 1069188, 0, 0
1503828, 1067266, 0, 0
1503719, 1065344, 0, 0
1503609, 1063422, 0, 0
1503500, 1061500, 0, 0
1503391, 1059578, 0, 0
1503281, 1057656, 0, 0
1503172, 1055734, 0, 0
1503063, 1053813, 0, 0
1502953, 1051891, 0, 0
1502844, 1049969, 0, 0
1502734, 1048047, 0, 0
1502625, 1046125, 0, 0
1502516, 1044203, 0, 0
1502406, 1042281, 0, 0
1502297, 1040359, 0, 0
1502188, 1038438, 0, 0
1502078, 1036516, 0, 0
1501969, 1034594, 0, 0
1501859, 1032672, 0, 0
1501750, 1030750, 0, 0
1501641, 1028828, 0, 0
1501531, 1026906, 1, 0
1501422, 1024984, 0, 0
1501313, 1023063, 0, 0
1501203, 1021141, 0, 0
1501094, 1019219, 0, 0
1500984, 1017297, 0, 0
1500875, 1015375, 0, 0
1500766, 1013453, 0, 0
1500656, 1011531, 0, 0
1500547, 1009609, 0, 0
1500438, 1007688, 0, 0
1500328, 1005766, 0, 0
1500219, 1003844, 0, 0
1500109, 1001922, 0, 0
1500000, 1000000, 0, 0
1500359, 1000234, 0, 0
1500719, 1000469, 0, 0
1501078, 1000703, 0, 0
1501438, 1000938, 0, 0
1501797, 1001172, 0, 0
1502156, 1001406, 0, 0
1502516, 1001641, 0, 0
1502875, 1001875, 0, 0
1503234, 1002109, 0, 0
1503594, 1002344, 0, 0
1503953, 1002578, 0, 0
1504313, 1002813, 0, 0
1504672, 1003047, 0, 0
1505031, 1003281, 1, 0
1505391, 1003516, 1, 0
1505750, 1003750, 0, 0
1506109, 1003984, 0, 0
1506469, 1004219, 0, 0
1506828, 1004453, 0, 0
1507188, 1004688, 0, 0
1507547, 1004922, 0, 0
1507906, 1005156, 0, 0
1508266, 1005391, 0, 0
1508625, 1005625, 0, 0
1508984, 1005859, 0, 0
1509344, 1006094, 0, 0
1509703, 1006328, 0, 0
1510063, 1006563, 1, 0
1510422, 1006797, 0, 0
1510781, 1007031, 0, 0
1511141, 1007266, 0, 0
1511500, 1007500, 0, 0
1511859, 1007734, 0, 0
1512219, 1007969, 0, 0
1512578, 1008203, 0, 0
1512938, 1008438, 0, 0
1513297, 1008672, 0, 0
1513656, 1008906, 0, 0
1514016, 1009141, 0, 0
1514375, 1009375, 0, 0
1514734, 1009609, 0, 0
1515094, 1009844, 0, 0
1515453, 1010078, 0, 0
1515813, 1010313, 0, 0
1516172, 1010547, 0, 0
1516531, 1010781, 0, 0
1516891, 1011016, 0, 0
1517250, 1011250, 0, 0
1517609, 1011484, 0, 0
1517969, 1011719, 0, 0
1518328, 1011953, 0, 0
1518688, 1012188, 0, 0
1519047, 1012422, 0, 0
1519406, 1012656, 0, 0
1519766, 1012891, 0, 0
1520125, 1013125, 0, 0
1520484, 1013359, 0, 0
1520844, 1013594, 0, 0
1521203, 1013828, 0, 0
1521563, 1014063, 0, 0
1521922, 1014297, 0, 0
1522281, 1014531, 0, 0
1522641, 1014766, 0, 0
1523000, 1015000, 0, 0
1523406, 1020422, 0, 0
1523813, 1025844, 0, 0
1524219, 1031266, 0, 0
1524625, 1036688, 0, 0
1525031, 1042109, 0, 0
1525438, 1047531, 0, 0
1525844, 1052953, 0, 0
1526250, 1058375, 0, 0
1526656, 1063797, 0, 0
1527063, 1069219, 0, 0
1527469, 1074641, 0, 0
1527875, 1080063, 0, 0
1528281, 1085484, 0, 1
1528688, 1090906, 0, 0
1529094, 1096328, 1, 0
1529500, 1101750, 0, 0
1529906, 1107172, 0, 0
1530313, 1112594, 0, 0
1530719, 1118016, 0, 0
1531125, 1123438, 0, 0
1531531, 1128859, 0, 0
1531938, 1134281, 0, 0
1532344, 1139703, 0, 0
1532750, 1145125, 0, 0
1533156, 1150547, 0, 0
1533563, 1155969, 0, 0
1533969, 1161391, 0, 0
1534375, 1166813, 0, 0
1534781, 1172234, 0, 0
1535188, 1177656, 0, 0
1535594, 1183078, 0, 0
1536000, 1188500, 0, 0
1536406, 1193922, 0, 0
1536813, 1199344, 0, 0
1537219, 1204766, 0, 0
1537625, 1210188, 0, 0
1538031, 1215609, 0, 0
1538438, 1221031, 0, 0
1538844, 1226453, 0, 0
1539250, 1231875, 0, 0
1539656, 1237297, 0, 0
1540063, 1242719, 1, 0
1540469, 1248141, 0, 0
1540875, 1253563, 0, 0
1541281, 1258984, 0, 0
1541688, 1264406, 0, 0
1542094, 1269828, 0, 0
1542500, 1275250, 0, 0
1542906, 1280672, 0, 0
1543313, 1286094, 0, 0
1543719, 1291516, 0, 0
1544125, 1296938, 0, 0
1544531, 1302359, 0, 0
1544938, 1307781, 0, 0
1545344, 1313203, 0, 0
1545750, 1318625, 0, 0
1546156, 1324047, 0, 0
1546563, 1329469, 0, 0
1546969, 1334891, 0, 0
1547375, 1340313, 0, 0
1547781, 1345734, 0, 0
1548188, 1351156, 0, 0
1548594, 1356578, 0, 0
1549000, 1362000, 0, 0
1549125, 1364375, 0, 0
1549250, 1366750, 0, 0
1549375, 1369125, 0, 0
1549500, 1371500, 0, 0
1549625, 1373875, 0, 0
1549750, 1376250, 0, 0
1549875, 1378625, 0, 0
1550000, 1381000, 0, 0
1550125, 1383375, 0, 0
1550250, 1385750, 0, 0
1550375, 1388125, 0, 0
1550500, 1390500, 0, 0
1550625, 1392875, 0, 0
1550750, 1395250, 0, 0
1550875, 1397625, 0, 0
1551000, 1400000, 0, 0
1551125, 1402375, 0, 0
1551250, 1404750, 0, 0
1551375, 1407125, 0, 0
1551500, 1409500, 0, 0
1551625, 1411875, 0, 0
1551750, 1414250, 0, 0
1551875, 1416625, 0, 0
1552000, 1419000, 0, 0
1552125, 1421375, 0, 0
1552250, 1423750, 0, 0
1552375, 1426125, 0, 0
1552500, 1428500, 0, 0
1552625, 1430875, 0, 0
1552750, 1433250, 0, 0
1552875, 1435625, 0, 0
1553000, 1438000, 0, 0
1553125, 1440375, 0, 0
1553250, 1442750, 0, 0
1553375, 1445125, 0, 0
1553500, 1447500, 0, 0
1553625, 1449875, 0, 0
1553750, 1452250, 0, 0
1553875, 1454625, 0, 0
1554000, 1457000, 0, 0
1554125, 1459375, 0, 0
1554250, 1461750, 0, 0
1554375, 1464125, 0, 0
1554500, 1466500, 0, 0
1554625, 1468875, 0, 0
1554750, 1471250, 0, 0
1554875, 1473625, 0, 0
1555000, 1476000, 0, 0
1555125, 1478375, 0, 0
1555250, 1480750, 0, 0
1555375, 1483125, 0, 0
1555500, 1485500, 0, 0
1555625, 1487875, 0, 0
1555750, 1490250, 0, 0
1555875, 1492625, 0, 0
1556000, 1495000, 0, 0
1556125, 1497375, 0, 0
1556250, 1499750, 0, 0
1556375, 1502125, 0, 0
1556500, 1504500, 0, 0
1556625, 1506875, 0, 0
1556750, 1509250, 0, 0
1556875, 1511625, 0, 0
1557000, 1514000, 0, 0
1557672, 1513625, 0, 0
1558344, 1513250, 0, 0
1559016, 1512875, 0, 0
1559688, 1512500, 0, 0
1560359, 1512125, 0, 0
1561031, 1511750, 0, 0
1561703, 1511375, 0, 0
1562375, 1511000, 0, 0
1563047, 1510625, 0, 0
1563719, 1510250, 0, 0
1564391, 1509875, 0, 0
1565063, 1509500, 0, 0
1565734, 1509125, 0, 0
1566406, 1508750, 0, 0
1567078, 1508375, 0, 0
1567750, 1508000, 0, 0
1568422, 1507625, 1, 0
1569094, 1507250, 0, 0
1569766, 1506875, 0, 0
1570438, 1506500, 0, 0
1571109, 1506125, 0, 0
1571781, 1505750, 0, 0
1572453, 1505375, 0, 0
1573125, 1505000, 0, 0
1573797, 1504625, 0, 0
1574469, 1504250, 0, 0
1575141, 1503875, 0, 0
1575813, 1503500, 0, 0
1576484, 1503125, 0, 0
1577156, 1502750, 0, 0
1577828, 1502375, 0, 0
1578500, 1502000, 0, 0
1579172, 1501625, 0, 0
1579844, 1501250, 0, 0
1580516, 1500875, 0, 0
1581188, 1500500, 0, 0
1581859, 1500125, 0, 0
1582531, 1499750, 0, 0
1583203, 1499375, 0, 0
1583875, 1499000, 0, 0
1584547, 1498625, 0, 0
1585219, 1498250, 0, 0
1585891, 1497875, 0, 0
1586563, 1497500, 0, 0
1587234, 1497125, 0, 0
1587906, 1496750, 0, 0
1588578, 1496375, 0, 0
1589250, 1496000, 0, 0
1589922, 1495625, 0, 0
1590594, 1495250, 0, 0
1591266, 1494875, 0, 0
1591938, 1494500, 0, 0
1592609, 1494125, 0, 0
1593281, 1493750, 0, 0
1593953, 1493375, 0, 0
1594625, 1493000, 0, 0
1595297, 1492625, 0, 0
1595969, 1492250, 0, 0
1596641, 1491875, 0, 0
1597313, 1491500, 0, 0
1597984, 1491125, 0, 0
1598656, 1490750, 0, 0
1599328, 1490375, 0, 0
1600000, 1490000, 0, 0
1600547, 1485609, 0, 0
1601094, 1481219, 0, 0
1601641, 1476828, 0, 0
1602188, 1472438, 0, 0
1602734, 1468047, 0, 0
1603281, 1463656, 0, 0
1603828, 1459266, 0, 0
1604375, 1454875, 0, 0
1604922, 1450484, 0, 0
1605469, 1446094, 0, 0
1606016, 1441703, 0, 0
1606563, 1437313, 0, 0
1607109, 1432922, 0, 0
1607656, 1428531, 0, 0
1608203, 1424141, 0, 0
1608750, 1419750, 0, 0
1609297, 1415359, 0, 0
1609844, 1410969, 0, 0
1610391, 1406578, 0, 0
1610938, 1402188, 0, 0
1611484, 1397797, 0, 0
1612031, 1393406, 0, 0
1612578, 1389016, 0, 0
1613125, 1384625, 0, 0
1613672, 1380234, 0, 0
1614219, 1375844, 0, 0
1614766, 1371453, 0, 0
1615313, 1367063, 0, 0
1615859, 1362672, 0, 0
1616406, 1358281, 1, 0
1616953, 1353891, 0, 0
1617500, 1349500, 0, 0
1618047, 1345109, 0, 0
1618594, 1340719, 0, 0
1619141, 1336328, 0, 0
1619688, 1331938, 0, 0
1620234, 1327547, 0, 0
1620781, 1323156, 0, 0
1621328, 1318766, 0, 0
1621875, 1314375, 0, 0
1622422, 1309984, 0, 0
1622969, 1305594, 0, 0
1623516, 1301203, 0, 0
1624063, 1296813, 0, 0
1624609, 1292422, 0, 0
1625156, 1288031, 0, 0
1625703, 1283641, 0, 0
1626250, 1279250, 0, 0
1626797, 1274859, 0, 0
1627344, 1270469, 0, 0
1627891, 1266078, 0, 0
1628438, 1261688, 0, 0
1628984, 1257297, 0, 0
1629531, 1252906, 0, 0
1630078, 1248516, 0, 0
1630625, 1244125, 0, 0
1631172, 1239734, 0, 0
1631719, 1235344, 0, 0
1632266, 1230953, 0, 0
1632813, 1226563, 0, 0
1633359, 1222172, 0, 0
1633906, 1217781, 0, 0
1634453, 1213391, 0, 0
1635000, 1209000, 0, 0
1634906, 1207938, 0, 0
1634813, 1206875, 0, 0
1634719, 1205813, 1, 0
1634625, 1204750, 0, 0
1634531, 1203688, 0, 0
1634438, 1202625, 0, 0
1634344, 1201563, 0, 0
1634250, 1200500, 0, 0
1634156, 1199438, 0, 0
1634063, 1198375, 0, 0
1633969, 1197313, 0, 0
1633875, 1196250, 0, 0
1633781, 1195188, 0, 0
1633688, 1194125, 0, 0
1633594, 1193063, 0, 0
1633500, 1192000, 0, 0
1633406, 1190938, 0, 0
1633313, 1189875, 0, 0
1633219, 1188813, 0, 0
1633125, 1187750, 0, 0
1633031, 1186688, 0, 0
1632938, 1185625, 0, 0
1632844, 1184563, 0, 0
1632750, 1183500, 0, 0
1632656, 1182438, 0, 0
1632563, 1181375, 0, 0
1632469, 1180313, 0, 0
1632375, 1179250, 0, 0
1632281, 1178188, 0, 0
1632188, 1177125, 0, 0
1632094, 1176063, 1, 0
1632000, 1175000, 0, 0
1631906, 1173938, 0, 0
1631813, 1172875, 0, 0
1631719, 1171813, 0, 0
1631625, 1170750, 0, 0
1631531, 1169688, 0, 0
1631438, 1168625, 0, 0
1631344, 1167563, 0, 0
1631250, 1166500, 0, 0
1631156, 1165438, 0, 0
1631063, 1164375, 0, 0
1630969, 1163313, 0, 0
1630875, 1162250, 0, 0
1630781, 1161188, 0, 0
1630688, 1160125, 0, 0
1630594, 1159063, 0, 0
1630500, 1158000, 0, 0
1630406, 1156938, 0, 0
1630313, 1155875, 0, 0
1630219, 1154813, 0, 0
1630125, 1153750, 0, 0
1630031, 1152688, 0, 0
1629938, 1151625, 0, 0
1629844, 1150563, 0, 0
1629750, 1149500, 0, 0
1629656, 1148438, 0, 0
1629563, 1147375, 0, 0
1629469, 1146313, 1, 0
1629375, 1145250, 0, 0
1629281, 1144188, 0, 0
1629188, 1143125, 0, 0
1629094, 1142063, 0, 0
1629000, 1141000, 0, 0
1628469, 1141844, 0, 0
1627938, 1142688, 0, 0
1627406, 1143531, 0, 0
1626875, 1144375, 0, 0
1626344, 1145219, 0, 0
1625813, 1146063, 0, 0
1625281, 1146906, 0, 0
1624750, 1147750, 0, 0
1624219, 1148594, 0, 0
1623688, 1149438, 0, 0
1623156, 1150281, 1, 0
1622625, 1151125, 0, 0
1622094, 1151969, 0, 0
1621563, 1152813, 0, 0
1621031, 1153656, 0, 0
1620500, 1154500, 0, 0
1619969, 1155344, 0, 0
1619438, 1156188, 0, 0
1618906, 1157031, 0, 0
1618375, 1157875, 0, 0
1617844, 1158719, 0, 0
1617313, 1159563, 0, 0
1616781, 1160406, 0, 0
1616250, 1161250, 0, 0
1615719, 1162094, 0, 0
1615188, 1162938, 0, 0
1614656, 1163781, 0, 0
1614125, 1164625, 0, 0
1613594, 1165469, 0, 0
1613063, 1166313, 0, 0
1612531, 1167156, 0, 0
1612000, 1168000, 0, 0
1611469, 1168844, 0, 0
1610938, 1169688, 0, 0
1610406, 1170531, 0, 0
1609875, 1171375, 0, 0
1609344, 1172219, 0, 0
1608813, 1173063, 0, 0
1608281, 1173906, 1, 0
1607750, 1174750, 0, 0
1607219, 1175594, 0, 0
1606688, 1176438, 0, 0
1606156, 1177281, 0, 0
1605625, 1178125, 0, 0
1605094, 1178969, 0, 0
1604563, 1179813, 0, 0
1604031, 1180656, 0, 0
1603500, 1181500, 0, 0
1602969, 1182344, 0, 0
1602438, 1183188, 0, 0
1601906, 1184031, 0, 0
1601375, 1184875, 0, 0
1600844, 1185719, 0, 0
1600313, 1186563, 0, 0
1599781, 1187406, 0, 0
1599250, 1188250, 0, 0
1598719, 1189094, 0, 0
1598188, 1189938, 0, 0
1597656, 1190781, 0, 0
1597125, 1191625, 0, 0
1596594, 1192469, 0, 0
1596063, 1193313, 0, 0
1595531, 1194156, 0, 0
1595000, 1195000, 0, 0
1595078, 1191953, 0, 0
1595156, 1188906, 0, 0
1595234, 1185859, 0, 0
1595313, 1182813, 0, 0
1595391, 1179766, 0, 0
1595469, 1176719, 0, 0
1595547, 1173672, 0, 0
1595625, 1170625, 0, 0
1595703, 1167578, 0, 0
1595781, 1164531, 1, 0
1595859, 1161484, 0, 0
1595938, 1158438, 0, 0
1596016, 1155391, 0, 0
1596094, 1152344, 0, 0
1596172, 1149297, 0, 0
1596250, 1146250, 0, 0
1596328, 1143203, 0, 0
1596406, 1140156, 0, 0
1596484, 1137109, 0, 0
1596563, 1134063, 0, 0
1596641, 1131016, 1, 0
1596719, 1127969, 0, 0
1596797, 1124922, 0, 0
1596875, 1121875, 0, 0
1596953, 1118828, 0, 0
1597031, 1115781, 0, 0
1597109, 1112734, 0, 0
1597188, 1109688, 0, 0
1597266, 1106641, 0, 0
1597344, 1103594, 0, 0
1597422, 1100547, 0, 0
1597500, 1097500, 0, 0
1597578, 1094453, 0, 0
1597656, 1091406, 0, 0
1597734, 1088359, 0, 0
1597813, 1085313, 0, 0
1597891, 1082266, 0, 0
1597969, 1079219, 0, 0
1598047, 1076172, 0, 0
1598125, 1073125, 0, 0
1598203, 1070078, 0, 0
1598281, 1067031, 0, 0
1598359, 1063984, 0, 0
1598438, 1060938, 0, 0
1598516, 1057891, 0, 0
1598594, 1054844, 0, 0
1598672, 1051797, 0, 0
1598750, 1048750, 0, 0
1598828, 1045703, 0, 0
1598906, 1042656, 0, 0
1598984, 1039609, 0, 0
1599063, 1036563, 0, 0
1599141, 1033516, 0, 0
1599219, 1030469, 0, 0
1599297, 1027422, 0, 0
1599375, 1024375, 0, 0
1599453, 1021328, 0, 0
1599531, 1018281, 0, 0
1599609, 1015234, 0, 0
1599688, 1012188, 0, 0
1599766, 1009141, 0, 0
1599844, 1006094, 0, 0
1599922, 1003047, 0, 0
1600000, 1000000, 0, 0
1603125, 1000000, 0, 0
1606250, 1000000, 0, 0
1609375, 1000000, 0, 0
1612500, 1000000, 0, 0
1615625, 1000000, 0, 0
1618750, 1000000, 0, 0
1621875, 1000000, 0, 0
1625000, 1000000, 0, 0
1628125, 1000000, 0, 0
1631250, 1000000, 0, 0
1634375, 1000000, 0, 0
1637500, 1000000, 0, 0
1640625, 1000000, 0, 0
1643750, 1000000, 0, 0
1646875, 1000000, 0, 0
1650000, 1000000, 0, 0
1653125, 1000000, 0, 0
1656250, 1000000, 0, 0
1659375, 1000000, 0, 0
1662500, 1000000, 0, 0
1665625, 1000000, 0, 0
1668750, 1000000, 0, 0
1671875, 1000000, 0, 0
1675000, 1000000, 0, 0
1678125, 1000000, 0, 0
1681250, 1000000, 0, 0
1684375, 1000000, 0, 0
1687500, 1000000, 0, 0
1690625, 1000000, 0, 0
1693750, 1000000, 0, 0
1696875, 1000000, 0, 0
1700000, 1000000, 0, 0
1703125, 1000000, 0, 0
1706250, 1000000, 0, 0
1709375, 1000000, 0, 0
1712500, 1000000, 0, 0
1715625, 1000000, 0, 0
1718750, 1000000, 0, 0
1721875, 1000000, 0, 0
1725000, 1000000, 0, 0
1728125, 1000000, 0, 0
1731250, 1000000, 0, 0
1734375, 1000000, 0, 0
1737500, 1000000, 0, 0
1740625, 1000000, 0, 0
1743750, 1000000, 0, 0
1746875, 1000000, 0, 0
1750000, 1000000, 0, 0
1753125, 1000000, 0, 0
1756250, 1000000, 0, 0
1759375, 1000000, 0, 0
1762500, 1000000, 0, 0
1765625, 1000000, 0, 0
1768750, 1000000, 0, 0
1771875, 1000000, 0, 0
1775000, 1000000, 0, 1
1778125, 1000000, 0, 0
1781250, 1000000, 0, 0
1784375, 1000000, 0, 0
1787500, 1000000, 0, 0
1790625, 1000000, 0, 0
1793750, 1000000, 0, 0
1796875, 1000000, 0, 0
1800000, 1000000, 0, 0
1801172, 1001953, 0, 0
1802344, 1003906, 0, 0
1803516, 1005859, 0, 0
1804688, 1007813, 0, 0
1805859, 1009766, 0, 0
1807031, 1011719, 0, 0
1808203, 1013672, 0, 0
1809375, 1015625, 0, 0
1810547, 1017578, 0, 0
1811719, 1019531, 0, 0
1812891, 1021484, 0, 0
1814063, 1023438, 0, 0
1815234, 1025391, 0, 0
1816406, 1027344, 0, 0
1817578, 1029297, 0, 0
1818750, 1031250, 0, 0
1819922, 1033203, 0, 0
1821094, 1035156, 0, 0
1822266, 1037109, 0, 0
1823438, 1039063, 0, 0
1824609, 1041016, 0, 0
1825781, 1042969, 0, 0
1826953, 1044922, 0, 0
1828125, 1046875, 0, 0
1829297, 1048828, 0, 0
1830469, 1050781, 0, 0
1831641, 1052734, 0, 0
1832813, 1054688, 0, 0
1833984, 1056641, 0, 0
1835156, 1058594, 0, 0
1836328, 1060547, 0, 0
1837500, 1062500, 0, 0
1838672, 1064453, 0, 0
1839844, 1066406, 0, 0
1841016, 1068359, 0, 0
1842188, 1070313, 0, 0
1843359, 1072266, 0, 0
1844531, 1074219, 0, 0
1845703, 1076172, 0, 0
1846875, 1078125, 0, 0
1848047, 1080078, 0, 0
1849219, 1082031, 0, 0
1850391, 1083984, 0, 0
1851563, 1085938, 0, 0
1852734, 1087891, 0, 0
1853906, 1089844, 0, 0
1855078, 1091797, 0, 0
1856250, 1093750, 0, 0
1857422, 1095703, 0, 0
1858594, 1097656, 0, 0
1859766, 1099609, 0, 0
1860938, 1101563, 0, 0
1862109, 1103516, 0, 0
1863281, 1105469, 0, 0
1864453, 1107422, 0, 0
1865625, 1109375, 0, 0
1866797, 1111328, 0, 0
1867969, 1113281, 0, 0
1869141, 1115234, 0, 0
1870313, 1117188, 0, 0
1871484, 1119141, 0, 0
1872656, 1121094, 0, 0
1873828, 1123047, 0, 0
1875000, 1125000, 0, 0
1872859, 1135234, 0, 0
1870719, 1145469, 0, 0
1868578, 1155703, 0, 0
1866438, 1165938, 0, 0
1864297, 1176172, 0, 0
1862156, 1186406, 0, 0
1860016, 1196641, 1, 0
1857875, 1206875, 0, 0
1855734, 1217109, 0, 0
1853594, 1227344, 0, 0
1851453, 1237578, 0, 0
1849313, 1247813, 0, 0
1847172, 1258047, 0, 0
1845031, 1268281, 0, 0
1842891, 1278516, 1, 0
1840750, 1288750, 0, 0
1838609, 1298984, 0, 0
1836469, 1309219, 0, 0
1834328, 1319453, 0, 0
1832188, 1329688, 0, 0
1830047, 1339922, 0, 0
1827906, 1350156, 0, 0
1825766, 1360391, 1, 0
1823625, 1370625, 0, 0
1821484, 1380859, 0, 0
1819344, 1391094, 0, 0
1817203, 1401328, 0, 0
1815063, 1411563, 0, 0
1812922, 1421797, 0, 0
1810781, 1432031, 0, 0
1808641, 1442266, 1, 0
1806500, 1452500, 0, 0
1804359, 1462734, 0, 0
1802219, 1472969, 0, 0
1800078, 1483203, 0, 0
1797938, 1493438, 0, 0
1795797, 1503672, 0, 0
1793656, 1513906, 0, 0
1791516, 1524141, 1, 0
1789375, 1534375, 0, 0
1787234, 1544609, 0, 0
1785094, 1554844, 0, 0
1782953, 1565078, 0, 0
1780813, 1575313, 0, 0
1778672, 1585547, 0, 0
1776531, 1595781, 0, 0
1774391, 1606016, 1, 0
1772250, 1616250, 0, 0
1770109, 1626484, 0, 0
1767969, 1636719, 0, 0
1765828, 1646953, 0, 0
1763688, 1657188, 0, 0
1761547, 1667422, 0, 0
1759406, 1677656, 0, 0
1757266, 1687891, 1, 0
1755125, 1698125, 0, 0
1752984, 1708359, 0, 0
1750844, 1718594, 0, 0
1748703, 1728828, 0, 0
1746563, 1739063, 0, 0
1744422, 1749297, 0, 0
1742281, 1759531, 0, 0
1740141, 1769766, 1, 0
1738000, 1780000, 0, 0
1738438, 1780484, 0, 0
1738875, 1780969, 0, 0
1739313, 1781453, 0, 0
1739750, 1781938, 0, 0
1740188, 1782422, 0, 0
1740625, 1782906, 0, 0
1741063, 1783391, 0, 0
1741500, 1783875, 0, 0
1741938, 1784359, 0, 0
1742375, 1784844, 0, 0
1742813, 1785328, 0, 0
1743250, 1785813, 0, 0
1743688, 1786297, 0, 0
1744125, 1786781, 0, 0
1744563, 1787266, 0, 0
1745000, 1787750, 0, 0
1745438, 1788234, 1, 0
1745875, 1788719, 0, 0
1746313, 1789203, 0, 0
1746750, 1789688, 0, 0
1747188, 1790172, 0, 0
1747625, 1790656, 0, 0
1748063, 1791141, 0, 0
1748500, 1791625, 0, 0
1748938, 1792109, 0, 0
1749375, 1792594, 0, 0
1749813, 1793078, 0, 0
1750250, 1793563, 0, 0
1750688, 1794047, 0, 0
1751125, 1794531, 0, 0
1751563, 1795016, 0, 0
1752000, 1795500, 0, 0
1752438, 1795984, 0, 0
1752875, 1796469, 0, 0
1753313, 1796953, 0, 0
1753750, 1797438, 0, 0
1754188, 1797922, 0, 0
1754625, 1798406, 0, 0
1755063, 1798891, 0, 0
1755500, 1799375, 0, 0
1755938, 1799859, 0, 0
1756375, 1800344, 0, 0
1756813, 1800828, 0, 0
1757250, 1801313, 0, 0
1757688, 1801797, 0, 0
1758125, 1802281, 0, 0
1758563, 1802766, 0, 0
1759000, 1803250, 0, 0
1759438, 1803734, 0, 0
1759875, 1804219, 0, 0
1760313, 1804703, 0, 0
1760750, 1805188, 0, 0
1761188, 1805672, 0, 0
1761625, 1806156, 0, 0
1762063, 1806641, 0, 0
1762500, 1807125, 0, 0
1762938, 1807609, 0, 0
1763375, 1808094, 0, 0
1763813, 1808578, 0, 0
1764250, 1809063, 0, 0
1764688, 1809547, 0, 0
1765125, 1810031, 0, 0
1765563, 1810516, 0, 0
1766000, 1811000, 0, 0
1766531, 1813953, 0, 0
1767063, 1816906, 0, 0
1767594, 1819859, 0, 0
1768125, 1822813, 0, 0
1768656, 1825766, 0, 0
1769188, 1828719, 0, 0
1769719, 1831672, 0, 0
1770250, 1834625, 0, 0
1770781, 1837578, 0, 0
1771313, 1840531, 0, 0
1771844, 1843484, 0, 0
1772375, 1846438, 0, 0
1772906, 1849391, 0, 0
1773438, 1852344, 0, 0
1773969, 1855297, 0, 0
1774500, 1858250, 0, 0
1775031, 1861203, 0, 0
1775563, 1864156, 0, 0
1776094, 1867109, 0, 0
1776625, 1870063, 0, 0
1777156, 1873016, 0, 0
1777688, 1875969, 0, 0
1778219, 1878922, 0, 0
1778750, 1881875, 0, 0
1779281, 1884828, 0, 0
1779813, 1887781, 0, 0
1780344, 1890734, 0, 0
1780875, 1893688, 0, 0
1781406, 1896641, 1, 0
1781938, 1899594, 0, 0
1782469, 1902547, 0, 0
1783000, 1905500, 0, 0
1783531, 1908453, 0, 0
1784063, 1911406, 0, 0
1784594, 1914359, 0, 0
1785125, 1917313, 0, 0
1785656, 1920266, 0, 0
1786188, 1923219, 1, 0
1786719, 1926172, 0, 0
1787250, 1929125, 0, 0
1787781, 1932078, 0, 0
1788313, 1935031, 0, 0
1788844, 1937984, 0, 0
1789375, 1940938, 0, 0
1789906, 1943891, 0, 0
1790438, 1946844, 0, 0
1790969, 1949797, 0, 0
1791500, 1952750, 0, 0
1792031, 1955703, 0, 0
1792563, 1958656, 0, 0
1793094, 1961609, 0, 0
1793625, 1964563, 0, 0
1794156, 1967516, 0, 0
1794688, 1970469, 0, 0
1795219, 1973422, 0, 0
1795750, 1976375, 0, 0
1796281, 1979328, 0, 0
1796813, 1982281, 0, 0
1797344, 1985234, 0, 0
1797875, 1988188, 0, 0
1798406, 1991141, 0, 0
1798938, 1994094, 0, 0
1799469, 1997047, 0, 0
1800000, 2000000, 0, 0
1797938, 2000844, 0, 0
1795875, 2001688, 0, 0
1793813, 2002531, 0, 0
1791750, 2003375, 0, 0
1789688, 2004219, 0, 0
1787625, 2005063, 0, 0
1785563, 2005906, 0, 0
1783500, 2006750, 0, 0
1781438, 2007594, 1, 0
1779375, 2008438, 0, 0
1777313, 2009281, 0, 0
1775250, 2010125, 0, 0
1773188, 2010969, 0, 0
1771125, 2011813, 0, 0
1769063, 2012656, 0, 0
1767000, 2013500, 0, 0
1764938, 2014344, 0, 0
1762875, 2015188, 0, 0
1760813, 2016031, 0, 0
1758750, 2016875, 0, 0
1756688, 2017719, 0, 0
1754625, 2018563, 0, 0
1752563, 2019406, 0, 0
1750500, 2020250, 0, 0
1748438, 2021094, 0, 0
1746375, 2021938, 0, 0
1744313, 2022781, 0, 0
1742250, 2023625, 0, 0
1740188, 2024469, 0, 0
1738125, 2025313, 0, 0
1736063, 2026156, 0, 0
1734000, 2027000, 0, 0
1731938, 2027844, 0, 0
1729875, 2028688, 0, 0
1727813, 2029531, 0, 0
1725750, 2030375, 0, 0
1723688, 2031219, 1, 0
1721625, 2032063, 0, 0
1719563, 2032906, 0, 0
1717500, 2033750, 0, 0
1715438, 2034594, 0, 0
1713375, 2035438, 0, 0
1711313, 2036281, 0, 0
1709250, 2037125, 0, 0
1707188, 2037969, 0, 0
1705125, 2038813, 0, 0
1703063, 2039656, 0, 0
1701000, 2040500, 0, 0
1698938, 2041344, 0, 0
1696875, 2042188, 0, 0
1694813, 2043031, 0, 0
1692750, 2043875, 0, 0
1690688, 2044719, 0, 0
1688625, 2045563, 0, 0
1686563, 2046406, 0, 0
1684500, 2047250, 0, 0
1682438, 2048094, 0, 0
1680375, 2048938, 0, 0
1678313, 2049781, 0, 0
1676250, 2050625, 0, 0
1674188, 2051469, 0, 0
1672125, 2052313, 0, 0
1670063, 2053156, 0, 0
1668000, 2054000, 0, 0
1667563, 2053688, 0, 0
1667125, 2053375, 0, 0
1666688, 2053063, 0, 0
1666250, 2052750, 0, 0
1665813, 2052438, 0, 0
1665375, 2052125, 0, 0
1664938, 2051813, 0, 0
1664500, 2051500, 0, 0
1664063, 2051188, 0, 0
1663625, 2050875, 0, 0
1663188, 2050563, 0, 0
1662750, 2050250, 0, 0
1662313, 2049938, 0, 0
1661875, 2049625, 0, 0
1661438, 2049313, 0, 0
1661000, 2049000, 0, 0
1660563, 2048688, 0, 0
1660125, 2048375, 0, 0
1659688, 2048063, 0, 0
1659250, 2047750, 0, 0
1658813, 2047438, 0, 0
1658375, 2047125, 0, 0
1657938, 2046813, 0, 0
1657500, 2046500, 0, 0
1657063, 2046188, 0, 0
1656625, 2045875, 0, 0
1656188, 2045563, 0, 0
1655750, 2045250, 0, 0
1655313, 2044938, 0, 0
1654875, 2044625, 0, 0
1654438, 2044313, 0, 0
1654000, 2044000, 0, 0
1653563, 2043688, 0, 0
1653125, 2043375, 0, 0
1652688, 2043063, 0, 0
1652250, 2042750, 0, 0
1651813, 2042438, 0, 0
1651375, 2042125, 0, 0
1650938, 2041813, 0, 0
1650500, 2041500, 0, 0
1650063, 2041188, 0, 0
1649625, 2040875, 0, 0
1649188, 2040563, 0, 0
1648750, 2040250, 0, 0
1648313, 2039938, 0, 0
1647875, 2039625, 0, 0
1647438, 2039313, 0, 0
1647000, 2039000, 0, 0
1646563, 2038688, 0, 0
1646125, 2038375, 0, 0
1645688, 2038063, 0, 0
1645250, 2037750, 0, 0
1644813, 2037438, 0, 0
1644375, 2037125, 0, 0
1643938, 2036813, 0, 0
1643500, 2036500, 0, 0
1643063, 2036188, 0, 0
1642625, 2035875, 0, 0
1642188, 2035563, 0, 0
1641750, 2035250, 0, 0
1641313, 2034938, 0, 0
1640875, 2034625, 0, 0
1640438, 2034313, 0, 0
1640000, 2034000, 0, 0
1639375, 2033469, 0, 0
1638750, 2032938, 0, 0
1638125, 2032406, 0, 0
1637500, 2031875, 0, 0
1636875, 2031344, 0, 0
1636250, 2030813, 0, 0
1635625, 2030281, 0, 0
1635000, 2029750, 0, 0
1634375, 2029219, 0, 0
1633750, 2028688, 0, 0
1633125, 2028156, 0, 0
1632500, 2027625, 0, 0
1631875, 2027094, 0, 0
1631250, 2026563, 0, 0
1630625, 2026031, 0, 0
1630000, 2025500, 0, 0
1629375, 2024969, 0, 0
1628750, 2024438, 0, 0
1628125, 2023906, 0, 0
1627500, 2023375, 0, 0
1626875, 2022844, 0, 0
1626250, 2022313, 0, 0
1625625, 2021781, 0, 0
1625000, 2021250, 0, 0
1624375, 2020719, 0, 0
1623750, 2020188, 0, 0
1623125, 2019656, 0, 0
1622500, 2019125, 0, 0
1621875, 2018594, 0, 0
1621250, 2018063, 0, 0
1620625, 2017531, 0, 0
1620000, 2017000, 0, 0
1619375, 2016469, 0, 0
1618750, 2015938, 0, 0
1618125, 2015406, 0, 0
1617500, 2014875, 0, 0
1616875, 2014344, 0, 0
1616250, 2013813, 0, 0
1615625, 2013281, 0, 0
1615000, 2012750, 0, 0
1614375, 2012219, 0, 0
1613750, 2011688, 0, 0
1613125, 2011156, 0, 0
1612500, 2010625, 0, 0
1611875, 2010094, 0, 0
1611250, 2009563, 0, 0
1610625, 2009031, 0, 0
1610000, 2008500, 0, 0
1609375, 2007969, 0, 0
1608750, 2007438, 0, 0
1608125, 2006906, 0, 0
1607500, 2006375, 0, 0
1606875, 2005844, 0, 0
1606250, 2005313, 0, 0
1605625, 2004781, 0, 0
1605000, 2004250, 0, 0
1604375, 2003719, 0, 0
1603750, 2003188, 0, 0
1603125, 2002656, 0, 0
1602500, 2002125, 0, 0
1601875, 2001594, 0, 0
1601250, 2001063, 0, 0
1600625, 2000531, 0, 0
1600000, 2000000, 0, 0
1601391, 1993438, 0, 0
1602781, 1986875, 0, 0
1604172, 1980313, 0, 0
1605563, 1973750, 0, 0
1606953, 1967188, 0, 0
1608344, 1960625, 0, 0
1609734, 1954063, 0, 0
1611125, 1947500, 0, 0
1612516, 1940938, 0, 0
1613906, 1934375, 0, 0
1615297, 1927813, 0, 0
1616688, 1921250, 0, 0
1618078, 1914688, 0, 0
1619469, 1908125, 0, 0
1620859, 1901563, 0, 0
1622250, 1895000, 0, 0
1623641, 1888438, 0, 0
1625031, 1881875, 0, 0
1626422, 1875313, 0, 0
1627813, 1868750, 0, 0
1629203, 1862188, 0, 0
1630594, 1855625, 0, 0
1631984, 1849063, 0, 0
1633375, 1842500, 0, 0
1634766, 1835938, 0, 0
1636156, 1829375, 0, 0
1637547, 1822813, 0, 0
1638938, 1816250, 0, 0
1640328, 1809688, 0, 0
1641719, 1803125, 0, 0
1643109, 1796563, 0, 0
1644500, 1790000, 0, 0
1645891, 1783438, 0, 0
1647281, 1776875, 0, 0
1648672, 1770313, 0, 0
1650063, 1763750, 0, 0
1651453, 1757188, 0, 0
1652844, 1750625, 0, 0
1654234, 1744063, 0, 0
1655625, 1737500, 0, 0
1657016, 1730938, 0, 0
1658406, 1724375, 0, 0
1659797, 1717813, 0, 0
1661188, 1711250, 0, 0
1662578, 1704688, 0, 0
1663969, 1698125, 0, 0
1665359, 1691563, 1, 0
1666750, 1685000, 0, 0
1668141, 1678438, 0, 0
1669531, 1671875, 0, 0
1670922, 1665313, 0, 0
1672313, 1658750, 0, 0
1673703, 1652188, 0, 0
1675094, 1645625, 0, 0
1676484, 1639063, 0, 0
1677875, 1632500, 0, 0
1679266, 1625938, 0, 0
1680656, 1619375, 0, 0
1682047, 1612813, 0, 0
1683438, 1606250, 0, 0
1684828, 1599688, 0, 0
1686219, 1593125, 0, 0
1687609, 1586563, 0, 0
1689000, 1580000, 0, 0
1688813, 1579859, 0, 0
1688625, 1579719, 0, 0
1688438, 1579578, 0, 0
1688250, 1579438, 0, 0
1688063, 1579297, 0, 0
1687875, 1579156, 0, 0
1687688, 1579016, 0, 0
1687500, 1578875, 0, 0
1687313, 1578734, 0, 0
1687125, 1578594, 0, 0
1686938, 1578453, 0, 0
1686750, 1578313, 0, 0
1686563, 1578172, 0, 0
1686375, 1578031, 0, 0
1686188, 1577891, 0, 0
1686000, 1577750, 0, 0
1685813, 1577609, 0, 0
1685625, 1577469, 0, 0
1685438, 1577328, 0, 0
1685250, 1577188, 0, 0
1685063, 1577047, 0, 0
1684875, 1576906, 0, 0
1684688, 1576766, 0, 0
1684500, 1576625, 0, 0
1684313, 1576484, 0, 0
1684125, 1576344, 0, 0
1683938, 1576203, 0, 0
1683750, 1576063, 0, 0
1683563, 1575922, 0, 0
1683375, 1575781, 0, 0
1683188, 1575641, 0, 0
1683000, 1575500, 0, 0
1682813, 1575359, 0, 0
1682625, 1575219, 0, 0
1682438, 1575078, 0, 0
1682250, 1574938, 0, 0
1682063, 1574797, 0, 0
1681875, 1574656, 0, 0
1681688, 1574516, 0, 0
1681500, 1574375, 0, 0
1681313, 1574234, 0, 0
1681125, 1574094, 0, 0
1680938, 1573953, 0, 0
1680750, 1573813, 0, 0
1680563, 1573672, 0, 0
1680375, 1573531, 0, 0
1680188, 1573391, 0, 0
1680000, 1573250, 0, 0
1679813, 1573109, 0, 0
1679625, 1572969, 0, 0
1679438, 1572828, 0, 0
1679250, 1572688, 0, 0
1679063, 1572547, 0, 0
1678875, 1572406, 0, 0
1678688, 1572266, 0, 0
1678500, 1572125, 0, 0
1678313, 1571984, 0, 0
1678125, 1571844, 0, 0
1677938, 1571703, 0, 0
1677750, 1571563, 0, 0
1677563, 1571422, 0, 0
1677375, 1571281, 0, 0
1677188, 1571141, 0, 0
1677000, 1571000, 0, 0
1675797, 1570047, 0, 0
1674594, 1569094, 0, 0
1673391, 1568141, 0, 0
1672188, 1567188, 0, 0
1670984, 1566234, 0, 0
1669781, 1565281, 0, 0
1668578, 1564328, 0, 0
1667375, 1563375, 0, 0
1666172, 1562422, 0, 0
1664969, 1561469, 0, 0
1663766, 1560516, 0, 0
1662563, 1559563, 0, 0
1661359, 1558609, 0, 0
1660156, 1557656, 0, 0
1658953, 1556703, 0, 0
1657750, 1555750, 0, 0
1656547, 1554797, 0, 0
1655344, 1553844, 0, 0
1654141, 1552891, 0, 0
1652938, 1551938, 0, 0
1651734, 1550984, 0, 0
1650531, 1550031, 0, 0
1649328, 1549078, 0, 0
1648125, 1548125, 0, 0
1646922, 1547172, 0, 0
1645719, 1546219, 0, 0
1644516, 1545266, 0, 0
1643313, 1544313, 0, 0
1642109, 1543359, 0, 0
1640906, 1542406, 0, 0
1639703, 1541453, 0, 0
1638500, 1540500, 0, 0
1637297, 1539547, 0, 0
1636094, 1538594, 0, 0
1634891, 1537641, 0, 0
1633688, 1536688, 0, 0
1632484, 1535734, 0, 0
1631281, 1534781, 0, 0
1630078, 1533828, 0, 0
1628875, 1532875, 0, 0
1627672, 1531922, 0, 0
1626469, 1530969, 0, 0
1625266, 1530016, 0, 0
1624063, 1529063, 0, 0
1622859, 1528109, 0, 0
1621656, 1527156, 1, 0
1620453, 1526203, 0, 0
1619250, 1525250, 0, 0
1618047, 1524297, 0, 0
1616844, 1523344, 0, 0
1615641, 1522391, 1, 0
1614438, 1521438, 0, 0
1613234, 1520484, 0, 0
1612031, 1519531, 0, 0
1610828, 1518578, 0, 0
1609625, 1517625, 0, 0
1608422, 1516672, 0, 0
1607219, 1515719, 0, 0
1606016, 1514766, 0, 0
1604813, 1513813, 0, 0
1603609, 1512859, 0, 0
1602406, 1511906, 0, 0
1601203, 1510953, 0, 0
1600000, 1510000, 0, 0
1599938, 1509969, 0, 0
1599875, 1509938, 0, 0
1599813, 1509906, 0, 0
1599750, 1509875, 0, 0
1599688, 1509844, 0, 0
1599625, 1509813, 0, 0
1599563, 1509781, 0, 0
1599500, 1509750, 0, 0
1599438, 1509719, 1, 0
1599375, 1509688, 0, 0
1599313, 1509656, 0, 0
1599250, 1509625, 0, 0
1599188, 1509594, 0, 0
1599125, 1509563, 0, 0
1599063, 1509531, 0, 0
1599000, 1509500, 0, 0
1598938, 1509469, 0, 0
1598875, 1509438, 0, 0
1598813, 1509406, 0, 0
1598750, 1509375, 0, 0
1598688, 1509344, 0, 0
1598625, 1509313, 0, 0
1598563, 1509281, 0, 0
1598500, 1509250, 0, 0
1598438, 1509219, 0, 0
1598375, 1509188, 0, 0
1598313, 1509156, 0, 0
1598250, 1509125, 0, 0
1598188, 1509094, 0, 0
1598125, 1509063, 0, 0
1598063, 1509031, 0, 0
1598000, 1509000, 0, 0
1597938, 1508969, 0, 0
1597875, 1508938, 0, 0
1597813, 1508906, 0, 0
1597750, 1508875, 0, 0
1597688, 1508844, 1, 0
1597625, 1508813, 0, 0
1597563, 1508781, 0, 0
1597500, 1508750, 0, 0
1597438, 1508719, 0, 0
1597375, 1508688, 0, 0
1597313, 1508656, 0, 0
1597250, 1508625, 0, 0
1597188, 1508594, 0, 0
1597125, 1508563, 0, 0
1597063, 1508531, 0, 0
1597000, 1508500, 0, 0
1596938, 1508469, 0, 0
1596875, 1508438, 0, 0
1596813, 1508406, 0, 0
1596750, 1508375, 0, 0
1596688, 1508344, 0, 0
1596625, 1508313, 0, 0
1596563, 1508281, 0, 0
1596500, 1508250, 0, 0
1596438, 1508219, 0, 0
1596375, 1508188, 0, 0
1596313, 1508156, 0, 0
1596250, 1508125, 0, 0
1596188, 1508094, 0, 0
1596125, 1508063, 0, 0
1596063, 1508031, 0, 0
1596000, 1508000, 0, 0
1595781, 1507969, 0, 0
1595563, 1507938, 0, 0
1595344, 1507906, 0, 0
1595125, 1507875, 0, 0
1594906, 1507844, 0, 0
1594688, 1507813, 0, 0
1594469, 1507781, 0, 0
1594250, 1507750, 0, 0
1594031, 1507719, 0, 0
1593813, 1507688, 0, 0
1593594, 1507656, 0, 0
1593375, 1507625, 0, 0
1593156, 1507594, 0, 0
1592938, 1507563, 0, 0
1592719, 1507531, 0, 0
1592500, 1507500, 0, 0
1592281, 1507469, 0, 0
1592063, 1507438, 0, 0
1591844, 1507406, 0, 0
1591625, 1507375, 0, 0
1591406, 1507344, 0, 0
1591188, 1507313, 0, 0
1590969, 1507281, 0, 0
1590750, 1507250, 0, 0
1590531, 1507219, 0, 0
1590313, 1507188, 0, 0
1590094, 1507156, 0, 0
1589875, 1507125, 0, 0
1589656, 1507094, 0, 0
1589438, 1507063, 0, 0
1589219, 1507031, 0, 0
1589000, 1507000, 0, 0
1588781, 1506969, 0, 0
1588563, 1506938, 0, 0
1588344, 1506906, 0, 0
1588125, 1506875, 0, 0
1587906, 1506844, 0, 0
1587688, 1506813, 0, 0
1587469, 1506781, 0, 0
1587250, 1506750, 0, 0
1587031, 1506719, 0, 0
1586813, 1506688, 0, 0
1586594, 1506656, 0, 0
1586375, 1506625, 0, 0
1586156, 1506594, 0, 0
1585938, 1506563, 0, 0
1585719, 1506531, 0, 0
1585500, 1506500, 0, 0
1585281, 1506469, 0, 0
1585063, 1506438, 0, 0
1584844, 1506406, 0, 0
1584625, 1506375, 0, 0
1584406, 1506344, 0, 0
1584188, 1506313, 0, 0
1583969, 1506281, 0, 0
1583750, 1506250, 0, 0
1583531, 1506219, 0, 0
1583313, 1506188, 0, 0
1583094, 1506156, 0, 0
1582875, 1506125, 0, 0
1582656, 1506094, 0, 0
1582438, 1506063, 0, 0
1582219, 1506031, 0, 0
1582000, 1506000, 0, 0
1581125, 1506406, 0, 0
1580250, 1506813, 0, 0
1579375, 1507219, 0, 0
1578500, 1507625, 0, 0
1577625, 1508031, 0, 0
1576750, 1508438, 0, 0
1575875, 1508844, 0, 0
1575000, 1509250, 0, 0
1574125, 1509656, 0, 0
1573250, 1510063, 0, 0
1572375, 1510469, 0, 0
1571500, 1510875, 0, 0
1570625, 1511281, 0, 0
1569750, 1511688, 0, 0
1568875, 1512094, 0, 0
1568000, 1512500, 0, 0
1567125, 1512906, 0, 0
1566250, 1513313, 0, 0
1565375, 1513719, 0, 0
1564500, 1514125, 0, 0
1563625, 1514531, 0, 0
1562750, 1514938, 0, 0
1561875, 1515344, 0, 0
1561000, 1515750, 0, 0
1560125, 1516156, 0, 0
1559250, 1516563, 0, 0
1558375, 1516969, 0, 0
1557500, 1517375, 0, 0
1556625, 1517781, 0, 0
1555750, 1518188, 0, 0
1554875, 1518594, 0, 0
1554000, 1519000, 0, 0
1553125, 1519406, 0, 0
1552250, 1519813, 0, 0
1551375, 1520219, 0, 0
1550500, 1520625, 0, 0
1549625, 1521031, 0, 0
1548750, 1521438, 0, 0
1547875, 1521844, 0, 0
1547000, 1522250, 0, 0
1546125, 1522656, 0, 0
1545250, 1523063, 0, 0
1544375, 1523469, 0, 0
1543500, 1523875, 0, 0
1542625, 1524281, 0, 0
1541750, 1524688, 0, 0
1540875, 1525094, 0, 0
1540000, 1525500, 0, 0
1539125, 1525906, 0, 0
1538250, 1526313, 0, 0
1537375, 1526719, 0, 0
1536500, 1527125, 0, 0
1535625, 1527531, 0, 0
1534750, 1527938, 0, 0
1533875, 1528344, 0, 0
1533000, 1528750, 0, 0
1532125, 1529156, 0, 0
1531250, 1529563, 0, 0
1530375, 1529969, 0, 0
1529500, 1530375, 0, 0
1528625, 1530781, 0, 0
1527750, 1531188, 0, 0
1526875, 1531594, 0, 0
1526000, 1532000, 0, 0
1525594, 1531656, 0, 0
1525188, 1531313, 0, 0
1524781, 1530969, 0, 0
1524375, 1530625, 0, 0
1523969, 1530281, 0, 0
1523563, 1529938, 0, 0
1523156, 1529594, 0, 0
1522750, 1529250, 0, 0
1522344, 1528906, 0, 0
1521938, 1528563, 0, 0
1521531, 1528219, 0, 0
1521125, 1527875, 0, 0
1520719, 1527531, 0, 0
1520313, 1527188, 0, 0
1519906, 1526844, 0, 0
1519500, 1526500, 0, 0
1519094, 1526156, 0, 0
1518688, 1525813, 0, 0
1518281, 1525469, 0, 1
1517875, 1525125, 0, 0
1517469, 1524781, 0, 0
1517063, 1524438, 0, 0
1516656, 1524094, 0, 0
1516250, 1523750, 0, 0
1515844, 1523406, 0, 0
1515438, 1523063, 0, 0
1515031, 1522719, 0, 0
1514625, 1522375, 0, 0
1514219, 1522031, 0, 0
1513813, 1521688, 0, 0
1513406, 1521344, 0, 1
1513000, 1521000, 0, 0
1512594, 1520656, 0, 0
1512188, 1520313, 0, 0
1511781, 1519969, 0, 0
1511375, 1519625, 0, 0
1510969, 1519281, 0, 0
1510563, 1518938, 0, 0
1510156, 1518594, 0, 0
1509750, 1518250, 0, 0
1509344, 1517906, 0, 0
1508938, 1517563, 0, 0
1508531, 1517219, 0, 0
1508125, 1516875, 0, 0
1507719, 1516531, 0, 0
1507313, 1516188, 0, 0
1506906, 1515844, 0, 0
1506500, 1515500, 0, 0
1506094, 1515156, 0, 0
1505688, 1514813, 0, 0
1505281, 1514469, 0, 0
1504875, 1514125, 0, 0
1504469, 1513781, 0, 0
1504063, 1513438, 0, 0
1503656, 1513094, 0, 0
1503250, 1512750, 0, 0
1502844, 1512406, 0, 0
1502438, 1512063, 0, 0
1502031, 1511719, 0, 0
1501625, 1511375, 0, 0
1501219, 1511031, 0, 0
1500813, 1510688, 0, 0
1500406, 1510344, 0, 0
1500000, 1510000, 0, 0
1501953, 1514094, 0, 0
1503906, 1518188, 0, 0
1505859, 1522281, 0, 0
1507813, 1526375, 0, 0
1509766, 1530469, 0, 0
1511719, 1534563, 0, 0
1513672, 1538656, 0, 0
1515625, 1542750, 0, 0
1517578, 1546844, 0, 0
1519531, 1550938, 0, 0
1521484, 1555031, 0, 0
1523438, 1559125, 0, 0
1525391, 1563219, 0, 0
1527344, 1567313, 0, 0
1529297, 1571406, 0, 0
1531250, 1575500, 0, 0
1533203, 1579594, 1, 0
1535156, 1583688, 0, 0
1537109, 1587781, 0, 0
1539063, 1591875, 0, 0
1541016, 1595969, 0, 0
1542969, 1600063, 0, 0
1544922, 1604156, 0, 0
1546875, 1608250, 0, 0
1548828, 1612344, 0, 0
1550781, 1616438, 0, 0
1552734, 1620531, 0, 0
1554688, 1624625, 0, 0
1556641, 1628719, 0, 0
1558594, 1632813, 1, 0
1560547, 1636906, 0, 0
1562500, 1641000, 0, 0
1564453, 1645094, 0, 0
1566406, 1649188, 0, 0
1568359, 1653281, 0, 0
1570313, 1657375, 0, 0
1572266, 1661469, 0, 0
1574219, 1665563, 0, 0
1576172, 1669656, 0, 0
1578125, 1673750, 0, 0
1580078, 1677844, 0, 0
1582031, 1681938, 0, 0
1583984, 1686031, 0, 0
1585938, 1690125, 0, 0
1587891, 1694219, 0, 0
1589844, 1698313, 0, 0
1591797, 1702406, 0, 0
1593750, 1706500, 0, 0
1595703, 1710594, 0, 0
1597656, 1714688, 0, 0
1599609, 1718781, 0, 0
1601563, 1722875, 0, 0
1603516, 1726969, 0, 0
1605469, 1731063, 0, 0
1607422, 1735156, 0, 0
1609375, 1739250, 0, 0
1611328, 1743344, 0, 0
1613281, 1747438, 0, 0
1615234, 1751531, 0, 0
1617188, 1755625, 0, 0
1619141, 1759719, 0, 0
1621094, 1763813, 0, 0
1623047, 1767906, 0, 0
1625000, 1772000, 0, 0
1624953, 1772906, 0, 0
1624906, 1773813, 0, 0
1624859, 1774719, 0, 0
1624813, 1775625, 0, 0
1624766, 1776531, 0, 0
1624719, 1777438, 0, 0
1624672, 1778344, 0, 0
1624625, 1779250, 0, 0
1624578, 1780156, 0, 0
1624531, 1781063, 0, 0
1624484, 1781969, 0, 0
1624438, 1782875, 0, 0
1624391, 1783781, 0, 0
1624344, 1784688, 0, 0
1624297, 1785594, 0, 0
1624250, 1786500, 0, 0
1624203, 1787406, 0, 0
1624156, 1788313, 0, 0
1624109, 1789219, 0, 0
1624063, 1790125, 0, 0
1624016, 1791031, 0, 0
1623969, 1791938, 0, 0
1623922, 1792844, 0, 0
1623875, 1793750, 0, 0
1623828, 1794656, 0, 0
1623781, 1795563, 0, 0
1623734, 1796469, 0, 0
1623688, 1797375, 0, 0
1623641, 1798281, 0, 0
1623594, 1799188, 0, 0
1623547, 1800094, 0, 0
1623500, 1801000, 0, 0
1623453, 1801906, 0, 0
1623406, 1802813, 0, 0
1623359, 1803719, 0, 0
1623313, 1804625, 0, 0
1623266, 1805531, 0, 0
1623219, 1806438, 0, 0
1623172, 1807344, 0, 0
1623125, 1808250, 0, 0
1623078, 1809156, 0, 0
1623031, 1810063, 0, 0
1622984, 1810969, 0, 0
1622938, 1811875, 0, 0
1622891, 1812781, 1, 0
1622844, 1813688, 0, 0
1622797, 1814594, 0, 0
1622750, 1815500, 0, 0
1622703, 1816406, 0, 0
1622656, 1817313, 0, 0
1622609, 1818219, 0, 0
1622563, 1819125, 0, 0
1622516, 1820031, 0, 0
1622469, 1820938, 1, 0
1622422, 1821844, 0, 0
1622375, 1822750, 0, 0
1622328, 1823656, 0, 0
1622281, 1824563, 0, 0
1622234, 1825469, 0, 0
1622188, 1826375, 0, 0
1622141, 1827281, 0, 0
1622094, 1828188, 0, 0
1622047, 1829094, 0, 0
1622000, 1830000, 0, 0
1621453, 1830734, 0, 0
1620906, 1831469, 0, 0
1620359, 1832203, 0, 0
1619813, 1832938, 0, 0
1619266, 1833672, 0, 0
1618719, 1834406, 0, 0
1618172, 1835141, 0, 0
1617625, 1835875, 0, 0
1617078, 1836609, 0, 0
1616531, 1837344, 0, 0
1615984, 1838078, 0, 0
1615438, 1838813, 0, 0
1614891, 1839547, 0, 0
1614344, 1840281, 0, 0
1613797, 1841016, 0, 0
1613250, 1841750, 0, 0
1612703, 1842484, 0, 0
1612156, 1843219, 0, 0
1611609, 1843953, 0, 0
1611063, 1844688, 0, 0
1610516, 1845422, 0, 0
1609969, 1846156, 0, 0
1609422, 1846891, 0, 0
1608875, 1847625, 0, 0
1608328, 1848359, 0, 0
1607781, 1849094, 0, 0
1607234, 1849828, 0, 0
1606688, 1850563, 0, 0
1606141, 1851297, 0, 0
1605594, 1852031, 0, 0
1605047, 1852766, 0, 0
1604500, 1853500, 0, 0
1603953, 1854234, 0, 0
1603406, 1854969, 0, 0
1602859, 1855703, 1, 0
1602313, 1856438, 0, 0
1601766, 1857172, 0, 0
1601219, 1857906, 0, 0
1600672, 1858641, 0, 0
1600125, 1859375, 0, 0
1599578, 1860109, 0, 0
1599031, 1860844, 0, 0
1598484, 1861578, 0, 0
1597938, 1862313, 0, 0
1597391, 1863047, 0, 0
1596844, 1863781, 0, 0
1596297, 1864516, 0, 0
1595750, 1865250, 0, 0
1595203, 1865984, 1, 0
1594656, 1866719, 0, 0
1594109, 1867453, 0, 0
1593563, 1868188, 0, 0
1593016, 1868922, 0, 0
1592469, 1869656, 0, 0
1591922, 1870391, 0, 0
1591375, 1871125, 0, 0
1590828, 1871859, 0, 0
1590281, 1872594, 0, 0
1589734, 1873328, 0, 0
1589188, 1874063, 0, 0
1588641, 1874797, 0, 0
1588094, 1875531, 0, 0
1587547, 1876266, 0, 0
1587000, 1877000, 0, 0
1585641, 1878922, 0, 0
1584281, 1880844, 0, 0
1582922, 1882766, 0, 0
1581563, 1884688, 0, 0
1580203, 1886609, 0, 0
1578844, 1888531, 0, 0
1577484, 1890453, 0, 0
1576125, 1892375, 0, 0
1574766, 1894297, 0, 0
1573406, 1896219, 0, 0
1572047, 1898141, 0, 0
1570688, 1900063, 0, 0
1569328, 1901984, 0, 0
1567969, 1903906, 0, 0
1566609, 1905828, 0, 0
1565250, 1907750, 0, 0
1563891, 1909672, 0, 0
1562531, 1911594, 0, 0
1561172, 1913516, 0, 0
1559813, 1915438, 0, 0
1558453, 1917359, 0, 0
1557094, 1919281, 0, 0
1555734, 1921203, 1, 0
1554375, 1923125, 0, 0
1553016, 1925047, 0, 0
1551656, 1926969, 0, 0
1550297, 1928891, 0, 0
1548938, 1930813, 0, 0
1547578, 1932734, 0, 0
1546219, 1934656, 0, 0
1544859, 1936578, 0, 0
1543500, 1938500, 0, 0
1542141, 1940422, 0, 0
1540781, 1942344, 0, 0
1539422, 1944266, 0, 0
1538063, 1946188, 0, 0
1536703, 1948109, 1, 0
1535344, 1950031, 0, 0
1533984, 1951953, 0, 0
1532625, 1953875, 0, 0
1531266, 1955797, 0, 0
1529906, 1957719, 0, 0
1528547, 1959641, 0, 0
1527188, 1961563, 0, 0
1525828, 1963484, 0, 0
1524469, 1965406, 0, 0
1523109, 1967328, 0, 0
1521750, 1969250, 0, 0
1520391, 1971172, 0, 0
1519031, 1973094, 0, 0
1517672, 1975016, 0, 0
1516313, 1976938, 0, 0
1514953, 1978859, 0, 0
1513594, 1980781, 0, 0
1512234, 1982703, 0, 0
1510875, 1984625, 0, 0
1509516, 1986547, 0, 0
1508156, 1988469, 0, 0
1506797, 1990391, 0, 0
1505438, 1992313, 0, 0
1504078, 1994234, 0, 0
1502719, 1996156, 0, 0
1501359, 1998078, 0, 0
1500000, 2000000, 0, 0
1499016, 2000203, 0, 0
1498031, 2000406, 0, 0
1497047, 2000609, 0, 0
1496063, 2000813, 0, 0
1495078, 2001016, 0, 0
1494094, 2001219, 0, 0
1493109, 2001422, 0, 0
1492125, 2001625, 0, 0
1491141, 2001828, 0, 0
1490156, 2002031, 0, 0
1489172, 2002234, 0, 0
1488188, 2002438, 0, 0
1487203, 2002641, 0, 0
1486219, 2002844, 0, 0
1485234, 2003047, 0, 0
1484250, 2003250, 0, 0
1483266, 2003453, 0, 0
1482281, 2003656, 0, 0
1481297, 2003859, 0, 0
1480313, 2004063, 0, 0
1479328, 2004266, 0, 0
1478344, 2004469, 0, 0
1477359, 2004672, 0, 0
1476375, 2004875, 0, 0
1475391, 2005078, 0, 0
1474406, 2005281, 0, 0
1473422, 2005484, 0, 0
1472438, 2005688, 0, 0
1471453, 2005891, 0, 0
1470469, 2006094, 0, 0
1469484, 2006297, 0, 0
1468500, 2006500, 0, 0
1467516, 2006703, 0, 0
1466531, 2006906, 1, 0
1465547, 2007109, 0, 0
1464563, 2007313, 0, 0
1463578, 2007516, 0, 0
1462594, 2007719, 0, 0
1461609, 2007922, 0, 0
1460625, 2008125, 0, 0
1459641, 2008328, 0, 0
1458656, 2008531, 0, 0
1457672, 2008734, 0, 0
1456688, 2008938, 0, 0
1455703, 2009141, 0, 0
1454719, 2009344, 0, 0
1453734, 2009547, 0, 0
1452750, 2009750, 0, 0
1451766, 2009953, 0, 0
1450781, 2010156, 0, 0
1449797, 2010359, 0, 0
1448813, 2010563, 0, 0
1447828, 2010766, 0, 0
1446844, 2010969, 0, 0
1445859, 2011172, 0, 0
1444875, 2011375, 0, 0
1443891, 2011578, 0, 0
1442906, 2011781, 0, 0
1441922, 2011984, 0, 0
1440938, 2012188, 0, 0
1439953, 2012391, 0, 0
1438969, 2012594, 0, 0
1437984, 2012797, 0, 0
1437000, 2013000, 0, 0
1435641, 2012828, 0, 0
1434281, 2012656, 0, 0
1432922, 2012484, 0, 0
1431563, 2012313, 0, 0
1430203, 2012141, 0, 0
1428844, 2011969, 0, 0
1427484, 2011797, 0, 0
1426125, 2011625, 0, 0
1424766, 2011453, 0, 0
1423406, 2011281, 0, 0
1422047, 2011109, 0, 0
1420688, 2010938, 0, 0
1419328, 2010766, 0, 0
1417969, 2010594, 0, 0
1416609, 2010422, 0, 0
1415250, 2010250, 0, 0
1413891, 2010078, 0, 0
1412531, 2009906, 0, 0
1411172, 2009734, 0, 0
1409813, 2009563, 0, 0
1408453, 2009391, 0, 0
1407094, 2009219, 0, 0
1405734, 2009047, 0, 0
1404375, 2008875, 0, 0
1403016, 2008703, 0, 0
1401656, 2008531, 0, 0
1400297, 2008359, 0, 0
1398938, 2008188, 0, 0
1397578, 2008016, 0, 0
1396219, 2007844, 0, 0
1394859, 2007672, 0, 0
1393500, 2007500, 0, 0
1392141, 2007328, 0, 0
1390781, 2007156, 0, 0
1389422, 2006984, 0, 0
1388063, 2006813, 0, 0
1386703, 2006641, 0, 0
1385344, 2006469, 0, 0
1383984, 2006297, 0, 0
1382625, 2006125, 0, 0
1381266, 2005953, 0, 0
1379906, 2005781, 0, 0
1378547, 2005609, 0, 0
1377188, 2005438, 0, 0
1375828, 2005266, 0, 0
1374469, 2005094, 0, 0
1373109, 2004922, 0, 0
1371750, 2004750, 0, 0
1370391, 2004578, 0, 0
1369031, 2004406, 0, 0
1367672, 2004234, 0, 0
1366313, 2004063, 0, 0
1364953, 2003891, 0, 0
1363594, 2003719, 0, 0
1362234, 2003547, 0, 0
1360875, 2003375, 0, 0
1359516, 2003203, 0, 0
1358156, 2003031, 0, 0
1356797, 2002859, 0, 0
1355438, 2002688, 0, 0
1354078, 2002516, 0, 0
1352719, 2002344, 0, 0
1351359, 2002172, 0, 0
1350000, 2002000, 0, 0
1349328, 2001938, 0, 0
1348656, 2001875, 0, 0
1347984, 2001813, 0, 0
1347313, 2001750, 0, 0
1346641, 2001688, 0, 0
1345969, 2001625, 0, 0
1345297, 2001563, 0, 0
1344625, 2001500, 0, 0
1343953, 2001438, 0, 0
1343281, 2001375, 0, 0
1342609, 2001313, 0, 0
1341938, 2001250, 0, 0
1341266, 2001188, 0, 0
1340594, 2001125, 0, 0
1339922, 2001063, 0, 0
1339250, 2001000, 0, 0
1338578, 2000938, 0, 0
1337906, 2000875, 0, 0
1337234, 2000813, 0, 0
1336563, 2000750, 0, 0
1335891, 2000688, 0, 0
1335219, 2000625, 0, 0
1334547, 2000563, 0, 0
1333875, 2000500, 0, 0
1333203, 2000438, 0, 0
1332531, 2000375, 0, 0
1331859, 2000313, 0, 0
1331188, 2000250, 0, 0
1330516, 2000188, 0, 0
1329844, 2000125, 0, 0
1329172, 2000063, 0, 0
1328500, 2000000, 0, 0
1327828, 1999938, 0, 0
1327156, 1999875, 0, 0
1326484, 1999813, 1, 0
1325813, 1999750, 0, 0
1325141, 1999688, 0, 0
1324469, 1999625, 0, 0
1323797, 1999563, 0, 0
1323125, 1999500, 0, 0
1322453, 1999438, 0, 0
1321781, 1999375, 0, 0
1321109, 1999313, 0, 0
1320438, 1999250, 0, 0
1319766, 1999188, 0, 0
1319094, 1999125, 0, 0
1318422, 1999063, 0, 0
1317750, 1999000, 0, 0
1317078, 1998938, 0, 0
1316406, 1998875, 0, 0
1315734, 1998813, 0, 0
1315063, 1998750, 0, 0
1314391, 1998688, 0, 0
1313719, 1998625, 0, 0
1313047, 1998563, 0, 0
1312375, 1998500, 0, 1
1311703, 1998438, 0, 0
1311031, 1998375, 0, 0
1310359, 1998313, 0, 0
1309688, 1998250, 0, 0
1309016, 1998188, 0, 0
1308344, 1998125, 0, 0
1307672, 1998063, 0, 0
1307000, 1998000, 0, 0
1306891, 1998031, 0, 0
1306781, 1998063, 0, 0
1306672, 1998094, 0, 0
1306563, 1998125, 0, 0
1306453, 1998156, 0, 0
1306344, 1998188, 0, 0
1306234, 1998219, 0, 0
1306125, 1998250, 0, 0
1306016, 1998281, 0, 0
1305906, 1998313, 0, 0
1305797, 1998344, 0, 0
1305688, 1998375, 0, 0
1305578, 1998406, 0, 0
1305469, 1998438, 0, 0
1305359, 1998469, 0, 0
1305250, 1998500, 0, 0
1305141, 1998531, 0, 0
1305031, 1998563, 0, 0
1304922, 1998594, 0, 0
1304813, 1998625, 0, 0
1304703, 1998656, 0, 0
1304594, 1998688, 0, 0
1304484, 1998719, 0, 0
1304375, 1998750, 0, 0
1304266, 1998781, 0, 0
1304156, 1998813, 0, 0
1304047, 1998844, 0, 0
1303938, 1998875, 0, 0
1303828, 1998906, 0, 0
1303719, 1998938, 0, 0
1303609, 1998969, 0, 0
1303500, 1999000, 0, 0
1303391, 1999031, 0, 0
1303281, 1999063, 0, 0
1303172, 1999094, 0, 0
1303063, 1999125, 0, 0
1302953, 1999156, 0, 0
1302844, 1999188, 0, 0
1302734, 1999219, 0, 0
1302625, 1999250, 0, 0
1302516, 1999281, 1, 0
1302406, 1999313, 0, 0
1302297, 1999344, 0, 0
1302188, 1999375, 0, 0
1302078, 1999406, 0, 0
1301969, 1999438, 0, 0
1301859, 1999469, 0, 0
1301750, 1999500, 0, 0
1301641, 1999531, 0, 0
1301531, 1999563, 0, 0
1301422, 1999594, 0, 0
1301313, 1999625, 0, 0
1301203, 1999656, 0, 0
1301094, 1999688, 1, 0
1300984, 1999719, 0, 0
1300875, 1999750, 0, 0
1300766, 1999781, 0, 0
1300656, 1999813, 0, 0
1300547, 1999844, 0, 0
1300438, 1999875, 0, 0
1300328, 1999906, 0, 0
1300219, 1999938, 0, 0
1300109, 1999969, 0, 0
1300000, 2000000, 0, 0
1298297, 1996828, 0, 0
1296594, 1993656, 0, 0
1294891, 1990484, 0, 0
1293188, 1987313, 0, 0
1291484, 1984141, 0, 0
1289781, 1980969, 0, 0
1288078, 1977797, 0, 0
1286375, 1974625, 0, 0
1284672, 1971453, 0, 0
1282969, 1968281, 0, 0
1281266, 1965109, 0, 0
1279563, 1961938, 0, 0
1277859, 1958766, 0, 0
1276156, 1955594, 0, 0
1274453, 1952422, 0, 0
1272750, 1949250, 0, 0
1271047, 1946078, 0, 0
1269344, 1942906, 0, 0
1267641, 1939734, 0, 0
1265938, 1936563, 0, 0
1264234, 1933391, 0, 0
1262531, 1930219, 0, 0
1260828, 1927047, 0, 0
1259125, 1923875, 0, 0
1257422, 1920703, 0, 0
1255719, 1917531, 0, 0
1254016, 1914359, 0, 0
1252313, 1911188, 0, 1
1250609, 1908016, 0, 0
1248906, 1904844, 0, 0
1247203, 1901672, 0, 0
1245500, 1898500, 0, 0
1243797, 1895328, 0, 0
1242094, 1892156, 0, 0
1240391, 1888984, 0, 0
1238688, 1885813, 0, 0
1236984, 1882641, 0, 0
1235281, 1879469, 0, 0
1233578, 1876297, 0, 0
1231875, 1873125, 0, 0
1230172, 1869953, 0, 0
1228469, 1866781, 0, 0
1226766, 1863609, 0, 0
1225063, 1860438, 0, 0
1223359, 1857266, 0, 0
1221656, 1854094, 0, 0
1219953, 1850922, 0, 0
1218250, 1847750, 0, 0
1216547, 1844578, 0, 0
1214844, 1841406, 0, 0
1213141, 1838234, 0, 0
1211438, 1835063, 0, 0
1209734, 1831891, 0, 0
1208031, 1828719, 0, 0
1206328, 1825547, 0, 0
1204625, 1822375, 0, 0
1202922, 1819203, 0, 0
1201219, 1816031, 0, 0
1199516, 1812859, 0, 0
1197813, 1809688, 0, 0
1196109, 1806516, 0, 0
1194406, 1803344, 0, 0
1192703, 1800172, 0, 0
1191000, 1797000, 0, 0
1192703, 1792516, 0, 0
1194406, 1788031, 0, 0
1196109, 1783547, 0, 0
1197813, 1779063, 0, 0
1199516, 1774578, 0, 0
1201219, 1770094, 0, 0
1202922, 1765609, 0, 0
1204625, 1761125, 0, 0
1206328, 1756641, 0, 0
1208031, 1752156, 0, 0
1209734, 1747672, 0, 0
1211438, 1743188, 0, 0
1213141, 1738703, 0, 0
1214844, 1734219, 0, 0
1216547, 1729734, 0, 0
1218250, 1725250, 0, 0
1219953, 1720766, 0, 0
1221656, 1716281, 1, 0
1223359, 1711797, 0, 0
1225063, 1707313, 0, 0
1226766, 1702828, 0, 0
1228469, 1698344, 0, 0
1230172, 1693859, 0, 0
1231875, 1689375, 0, 0
1233578, 1684891, 0, 0
1235281, 1680406, 0, 0
1236984, 1675922, 0, 0
1238688, 1671438, 0, 0
1240391, 1666953, 0, 0
1242094, 1662469, 0, 0
1243797, 1657984, 0, 0
1245500, 1653500, 0, 0
1247203, 1649016, 0, 0
1248906, 1644531, 0, 0
1250609, 1640047, 0, 0
1252313, 1635563, 0, 0
1254016, 1631078, 0, 0
1255719, 1626594, 0, 0
1257422, 1622109, 0, 0
1259125, 1617625, 0, 0
1260828, 1613141, 0, 0
1262531, 1608656, 0, 0
1264234, 1604172, 0, 0
1265938, 1599688, 0, 0
1267641, 1595203, 0, 0
1269344, 1590719, 0, 0
1271047, 1586234, 0, 0
1272750, 1581750, 0, 0
1274453, 1577266, 0, 0
1276156, 1572781, 0, 0
1277859, 1568297, 0, 0
1279563, 1563813, 0, 0
1281266, 1559328, 0, 0
1282969, 1554844, 0, 0
1284672, 1550359, 0, 0
1286375, 1545875, 0, 0
1288078, 1541391, 0, 0
1289781, 1536906, 0, 0
1291484, 1532422, 0, 0
1293188, 1527938, 0, 0
1294891, 1523453, 0, 0
1296594, 1518969, 0, 0
1298297, 1514484, 0, 0
1300000, 1510000, 0, 0
1298438, 1510000, 0, 0
1296875, 1510000, 0, 0
1295313, 1510000, 0, 0
1293750, 1510000, 0, 0
1292188, 1510000, 0, 0
1290625, 1510000, 0, 0
1289063, 1510000, 0, 0
1287500, 1510000, 0, 0
1285938, 1510000, 0, 0
1284375, 1510000, 0, 0
1282813, 1510000, 0, 0
1281250, 1510000, 0, 0
1279688, 1510000, 0, 0
1278125, 1510000, 0, 0
1276563, 1510000, 0, 0
1275000, 1510000, 0, 0
1273438, 1510000, 0, 0
1271875, 1510000, 0, 0
1270313, 1510000, 0, 0
1268750, 1510000, 0, 0
1267188, 1510000, 0, 0
1265625, 1510000, 0, 0
1264063, 1510000, 0, 0
1262500, 1510000, 0, 0
1260938, 1510000, 0, 0
1259375, 1510000, 0, 0
1257813, 1510000, 0, 0
1256250, 1510000, 0, 0
1254688, 1510000, 0, 0
1253125, 1510000, 0, 0
1251563, 1510000, 0, 0
1250000, 1510000, 0, 0
1248438, 1510000, 0, 0
1246875, 1510000, 0, 0
1245313, 1510000, 0, 0
1243750, 1510000, 0, 0
1242188, 1510000, 0, 0
1240625, 1510000, 0, 0
1239063, 1510000, 0, 0
1237500, 1510000, 0, 0
1235938, 1510000, 0, 0
1234375, 1510000, 0, 0
1232813, 1510000, 0, 0
1231250, 1510000, 0, 0
1229688, 1510000, 0, 0
1228125, 1510000, 0, 0
1226563, 1510000, 0, 0
1225000, 1510000, 0, 0
1223438, 1510000, 0, 0
1221875, 1510000, 0, 0
1220313, 1510000, 0, 0
1218750, 1510000, 0, 0
1217188, 1510000, 0, 0
1215625, 1510000, 0, 0
1214063, 1510000, 0, 0
1212500, 1510000, 0, 0
1210938, 1510000, 0, 0
1209375, 1510000, 0, 0
1207813, 1510000, 0, 0
1206250, 1510000, 0, 0
1204688, 1510000, 0, 0
1203125, 1510000, 0, 0
1201563, 1510000, 0, 0
1200000, 1510000, 0, 0
1198422, 1514672, 0, 0
1196844, 1519344, 0, 0
1195266, 1524016, 0, 0
1193688, 1528688, 0, 0
1192109, 1533359, 0, 0
1190531, 1538031, 0, 0
1188953, 1542703, 0, 0
1187375, 1547375, 0, 0
1185797, 1552047, 0, 0
1184219, 1556719, 0, 0
1182641, 1561391, 0, 0
1181063, 1566063, 0, 0
1179484, 1570734, 0, 0
1177906, 1575406, 1, 0
1176328, 1580078, 0, 0
1174750, 1584750, 0, 0
1173172, 1589422, 0, 0
1171594, 1594094, 0, 0
1170016, 1598766, 1, 0
1168438, 1603438, 0, 0
1166859, 1608109, 0, 0
1165281, 1612781, 0, 0
1163703, 1617453, 0, 0
1162125, 1622125, 0, 0
1160547, 1626797, 0, 0
1158969, 1631469, 0, 0
1157391, 1636141, 0, 0
1155813, 1640813, 0, 0
1154234, 1645484, 0, 0
1152656, 1650156, 0, 0
1151078, 1654828, 0, 0
1149500, 1659500, 0, 0
1147922, 1664172, 0, 0
1146344, 1668844, 0, 0
1144766, 1673516, 0, 0
1143188, 1678188, 0, 0
1141609, 1682859, 0, 0
1140031, 1687531, 0, 0
1138453, 1692203, 0, 0
1136875, 1696875, 0, 0
1135297, 1701547, 0, 0
1133719, 1706219, 0, 0
1132141, 1710891, 0, 0
1130563, 1715563, 0, 0
1128984, 1720234, 0, 0
1127406, 1724906, 0, 0
1125828, 1729578, 0, 0
1124250, 1734250, 0, 0
1122672, 1738922, 0, 0
1121094, 1743594, 0, 0
1119516, 1748266, 0, 0
1117938, 1752938, 0, 0
1116359, 1757609, 0, 0
1114781, 1762281, 0, 0
1113203, 1766953, 0, 0
1111625, 1771625, 0, 0
1110047, 1776297, 0, 0
1108469, 1780969, 0, 0
1106891, 1785641, 0, 0
1105313, 1790313, 0, 0
1103734, 1794984, 0, 0
1102156, 1799656, 0, 0
1100578, 1804328, 0, 0
1099000, 1809000, 0, 0
1099969, 1810625, 0, 0
1100938, 1812250, 0, 0
1101906, 1813875, 0, 0
1102875, 1815500, 0, 0
1103844, 1817125, 0, 0
1104813, 1818750, 0, 0
1105781, 1820375, 0, 0
1106750, 1822000, 0, 0
1107719, 1823625, 0, 0
1108688, 1825250, 0, 0
1109656, 1826875, 0, 0
1110625, 1828500, 0, 0
1111594, 1830125, 0, 0
1112563, 1831750, 0, 0
1113531, 1833375, 0, 0
1114500, 1835000, 0, 0
1115469, 1836625, 0, 0
1116438, 1838250, 0, 0
1117406, 1839875, 0, 0
1118375, 1841500, 0, 0
1119344, 1843125, 0, 0
1120313, 1844750, 0, 0
1121281, 1846375, 0, 0
1122250, 1848000, 0, 0
1123219, 1849625, 0, 0
1124188, 1851250, 0, 0
1125156, 1852875, 0, 0
1126125, 1854500, 0, 0
1127094, 1856125, 0, 0
1128063, 1857750, 0, 0
1129031, 1859375, 0, 0
1130000, 1861000, 0, 0
1130969, 1862625, 0, 0
1131938, 1864250, 0, 0
1132906, 1865875, 0, 0
1133875, 1867500, 0, 0
1134844, 1869125, 0, 0
1135813, 1870750, 0, 0
1136781, 1872375, 0, 0
1137750, 1874000, 0, 0
1138719, 1875625, 0, 0
1139688, 1877250, 0, 0
1140656, 1878875, 0, 0
1141625, 1880500, 0, 0
1142594, 1882125, 0, 0
1143563, 1883750, 0, 0
1144531, 1885375, 0, 0
1145500, 1887000, 0, 0
1146469, 1888625, 0, 0
1147438, 1890250, 0, 0
1148406, 1891875, 0, 0
1149375, 1893500, 0, 0
1150344, 1895125, 0, 0
1151313, 1896750, 0, 0
1152281, 1898375, 0, 0
1153250, 1900000, 0, 0
1154219, 1901625, 0, 0
1155188, 1903250, 0, 0
1156156, 1904875, 0, 0
1157125, 1906500, 0, 0
1158094, 1908125, 0, 0
1159063, 1909750, 0, 0
1160031, 1911375, 0, 0
1161000, 1913000, 0, 0
1161609, 1914359, 0, 0
1162219, 1915719, 0, 0
1162828, 1917078, 0, 0
1163438, 1918438, 0, 0
1164047, 1919797, 0, 0
1164656, 1921156, 1, 0
1165266, 1922516, 0, 0
1165875, 1923875, 0, 0
1166484, 1925234, 0, 0
1167094, 1926594, 0, 0
1167703, 1927953, 0, 0
1168313, 1929313, 0, 0
1168922, 1930672, 0, 0
1169531, 1932031, 1, 0
1170141, 1933391, 0, 0
1170750, 1934750, 0, 0
1171359, 1936109, 0, 0
1171969, 1937469, 0, 0
1172578, 1938828, 0, 0
1173188, 1940188, 0, 0
1173797, 1941547, 0, 0
1174406, 1942906, 1, 0
1175016, 1944266, 0, 0
1175625, 1945625, 0, 0
1176234, 1946984, 0, 0
1176844, 1948344, 0, 0
1177453, 1949703, 0, 0
1178063, 1951063, 0, 0
1178672, 1952422, 0, 0
1179281, 1953781, 1, 0
1179891, 1955141, 0, 0
1180500, 1956500, 0, 0
1181109, 1957859, 0, 0
1181719, 1959219, 0, 0
1182328, 1960578, 0, 0
1182938, 1961938, 0, 0
1183547, 1963297, 0, 0
1184156, 1964656, 1, 0
1184766, 1966016, 0, 0
1185375, 1967375, 0, 0
1185984, 1968734, 0, 0
1186594, 1970094, 0, 0
1187203, 1971453, 0, 0
1187813, 1972813, 0, 0
1188422, 1974172, 0, 0
1189031, 1975531, 1, 0
1189641, 1976891, 0, 0
1190250, 1978250, 0, 0
1190859, 1979609, 0, 0
1191469, 1980969, 0, 0
1192078, 1982328, 0, 0
1192688, 1983688, 0, 0
1193297, 1985047, 0, 0
1193906, 1986406, 1, 0
1194516, 1987766, 0, 0
1195125, 1989125, 0, 0
1195734, 1990484, 0, 0
1196344, 1991844, 0, 0
1196953, 1993203, 0, 0
1197563, 1994563, 0, 0
1198172, 1995922, 0, 0
1198781, 1997281, 1, 0
1199391, 1998641, 0, 0
1200000, 2000000, 0, 0
1199469, 2000063, 0, 0
1198938, 2000125, 0, 0
1198406, 2000188, 0, 0
1197875, 2000250, 0, 0
1197344, 2000313, 0, 0
1196813, 2000375, 0, 0
1196281, 2000438, 0, 0
1195750, 2000500, 0, 0
1195219, 2000563, 1, 0
1194688, 2000625, 0, 0
1194156, 2000688, 0, 0
1193625, 2000750, 0, 0
1193094, 2000813, 0, 0
1192563, 2000875, 0, 0
1192031, 2000938, 0, 0
1191500, 2001000, 0, 0
1190969, 2001063, 0, 0
1190438, 2001125, 0, 0
1189906, 2001188, 0, 0
1189375, 2001250, 0, 0
1188844, 2001313, 0, 0
1188313, 2001375, 0, 0
1187781, 2001438, 0, 0
1187250, 2001500, 0, 0
1186719, 2001563, 0, 0
1186188, 2001625, 0, 0
1185656, 2001688, 0, 0
1185125, 2001750, 0, 0
1184594, 2001813, 0, 0
1184063, 2001875, 0, 0
1183531, 2001938, 0, 0
1183000, 2002000, 0, 0
1182469, 2002063, 0, 0
1181938, 2002125, 0, 0
1181406, 2002188, 0, 0
1180875, 2002250, 0, 0
1180344, 2002313, 1, 0
1179813, 2002375, 0, 0
1179281, 2002438, 0, 0
1178750, 2002500, 0, 0
1178219, 2002563, 0, 0
1177688, 2002625, 0, 0
1177156, 2002688, 0, 0
1176625, 2002750, 0, 0
1176094, 2002813, 0, 0
1175563, 2002875, 0, 0
1175031, 2002938, 0, 0
1174500, 2003000, 0, 0
1173969, 2003063, 0, 0
1173438, 2003125, 0, 0
1172906, 2003188, 0, 0
1172375, 2003250, 0, 0
1171844, 2003313, 0, 0
1171313, 2003375, 0, 0
1170781, 2003438, 0, 0
1170250, 2003500, 0, 0
1169719, 2003563, 0, 0
1169188, 2003625, 0, 0
1168656, 2003688, 0, 0
1168125, 2003750, 0, 0
1167594, 2003813, 0, 0
1167063, 2003875, 0, 0
1166531, 2003938, 0, 0
1166000, 2004000, 0, 0
1165625, 2004219, 0, 0
1165250, 2004438, 0, 0
1164875, 2004656, 0, 0
1164500, 2004875, 0, 0
1164125, 2005094, 0, 0
1163750, 2005313, 0, 0
1163375, 2005531, 0, 0
1163000, 2005750, 0, 0
1162625, 2005969, 0, 0
1162250, 2006188, 0, 0
1161875, 2006406, 0, 0
1161500, 2006625, 0, 0
1161125, 2006844, 0, 0
1160750, 2007063, 0, 0
1160375, 2007281, 0, 0
1160000, 2007500, 0, 0
1159625, 2007719, 0, 0
1159250, 2007938, 0, 0
1158875, 2008156, 0, 0
1158500, 2008375, 0, 0
1158125, 2008594, 0, 0
1157750, 2008813, 0, 0
1157375, 2009031, 0, 0
1157000, 2009250, 0, 0
1156625, 2009469, 0, 0
1156250, 2009688, 0, 0
1155875, 2009906, 0, 0
1155500, 2010125, 0, 0
1155125, 2010344, 0, 0
1154750, 2010563, 0, 0
1154375, 2010781, 0, 0
1154000, 2011000, 0, 0
1153625, 2011219, 0, 0
1153250, 2011438, 0, 0
1152875, 2011656, 0, 0
1152500, 2011875, 0, 0
1152125, 2012094, 0, 0
1151750, 2012313, 0, 0
1151375, 2012531, 0, 0
1151000, 2012750, 0, 0
1150625, 2012969, 0, 0
1150250, 2013188, 0, 0
1149875, 2013406, 0, 0
1149500, 2013625, 0, 0
1149125, 2013844, 0, 0
1148750, 2014063, 0, 0
1148375, 2014281, 0, 0
1148000, 2014500, 0, 0
1147625, 2014719, 0, 0
1147250, 2014938, 0, 0
1146875, 2015156, 0, 0
1146500, 2015375, 0, 0
1146125, 2015594, 0, 0
1145750, 2015813, 0, 0
1145375, 2016031, 0, 0
1145000, 2016250, 0, 0
1144625, 2016469, 0, 0
1144250, 2016688, 0, 0
1143875, 2016906, 0, 0
1143500, 2017125, 0, 0
1143125, 2017344, 0, 0
1142750, 2017563, 0, 0
1142375, 2017781, 0, 0
1142000, 2018000, 0, 0
1140797, 2017984, 0, 0
1139594, 2017969, 0, 0
1138391, 2017953, 0, 0
1137188, 2017938, 0, 0
1135984, 2017922, 0, 0
1134781, 2017906, 0, 0
1133578, 2017891, 0, 0
1132375, 2017875, 0, 0
1131172, 2017859, 0, 0
1129969, 2017844, 0, 0
1128766, 2017828, 0, 0
1127563, 2017813, 0, 0
1126359, 2017797, 0, 0
1125156, 2017781, 0, 0
1123953, 2017766, 0, 0
1122750, 2017750, 0, 0
1121547, 2017734, 0, 0
1120344, 2017719, 0, 0
1119141, 2017703, 0, 0
1117938, 2017688, 0, 0
1116734, 2017672, 0, 0
1115531, 2017656, 0, 0
1114328, 2017641, 0, 0
1113125, 2017625, 0, 0
1111922, 2017609, 0, 0
1110719, 2017594, 0, 0
1109516, 2017578, 0, 0
1108313, 2017563, 0, 0
1107109, 2017547, 0, 0
1105906, 2017531, 1, 0
1104703, 2017516, 0, 0
1103500, 2017500, 0, 0
1102297, 2017484, 0, 0
1101094, 2017469, 0, 0
1099891, 2017453, 0, 0
1098688, 2017438, 0, 0
1097484, 2017422, 0, 0
1096281, 2017406, 0, 0
1095078, 2017391, 0, 0
1093875, 2017375, 0, 0
1092672, 2017359, 0, 0
1091469, 2017344, 0, 0
1090266, 2017328, 0, 0
1089063, 2017313, 0, 0
1087859, 2017297, 0, 0
1086656, 2017281, 0, 0
1085453, 2017266, 0, 0
1084250, 2017250, 0, 0
1083047, 2017234, 0, 0
1081844, 2017219, 0, 0
1080641, 2017203, 0, 0
1079438, 2017188, 0, 0
1078234, 2017172, 0, 0
1077031, 2017156, 0, 0
1075828, 2017141, 0, 0
1074625, 2017125, 0, 0
1073422, 2017109, 0, 0
1072219, 2017094, 0, 0
1071016, 2017078, 0, 0
1069813, 2017063, 0, 0
1068609, 2017047, 0, 0
1067406, 2017031, 0, 0
1066203, 2017016, 0, 0
1065000, 2017000, 0, 0
1063984, 2016734, 0, 0
1062969, 2016469, 0, 0
1061953, 2016203, 0, 0
1060938, 2015938, 0, 0
1059922, 2015672, 0, 0
1058906, 2015406, 0, 0
1057891, 2015141, 0, 0
1056875, 2014875, 0, 0
1055859, 2014609, 0, 0
1054844, 2014344, 0, 0
1053828, 2014078, 0, 0
1052813, 2013813, 0, 0
1051797, 2013547, 0, 0
1050781, 2013281, 0, 0
1049766, 2013016, 1, 0
1048750, 2012750, 0, 0
1047734, 2012484, 0, 0
1046719, 2012219, 0, 0
1045703, 2011953, 0, 0
1044688, 2011688, 0, 0
1043672, 2011422, 0, 0
1042656, 2011156, 0, 0
1041641, 2010891, 0, 0
1040625, 2010625, 0, 0
1039609, 2010359, 0, 0
1038594, 2010094, 0, 0
1037578, 2009828, 0, 0
1036563, 2009563, 0, 0
1035547, 2009297, 0, 0
1034531, 2009031, 0, 0
1033516, 2008766, 0, 0
1032500, 2008500, 0, 0
1031484, 2008234, 0, 0
1030469, 2007969, 0, 0
1029453, 2007703, 0, 0
1028438, 2007438, 0, 0
1027422, 2007172, 0, 0
1026406, 2006906, 1, 0
1025391, 2006641, 0, 0
1024375, 2006375, 0, 0
1023359, 2006109, 0, 0
1022344, 2005844, 0, 0
1021328, 2005578, 0, 0
1020313, 2005313, 0, 0
1019297, 2005047, 0, 0
1018281, 2004781, 0, 0
1017266, 2004516, 0, 0
1016250, 2004250, 0, 0
1015234, 2003984, 0, 0
1014219, 2003719, 0, 0
1013203, 2003453, 0, 0
1012188, 2003188, 0, 0
1011172, 2002922, 0, 0
1010156, 2002656, 0, 0
1009141, 2002391, 0, 0
1008125, 2002125, 0, 0
1007109, 2001859, 0, 0
1006094, 2001594, 0, 0
1005078, 2001328, 0, 0
1004063, 2001063, 0, 0
1003047, 2000797, 0, 0
1002031, 2000531, 0, 0
1001016, 2000266, 0, 0
1000000, 2000000, 0, 0
1000000, 1984375, 0, 0
1000000, 1968750, 0, 0
1000000, 1953125, 0, 0
1000000, 1937500, 0, 0
1000000, 1921875, 0, 0
1000000, 1906250, 0, 0
1000000, 1890625, 0, 0
1000000, 1875000, 0, 0
1000000, 1859375, 0, 0
1000000, 1843750, 0, 0
1000000, 1828125, 0, 0
1000000, 1812500, 0, 0
1000000, 1796875, 0, 0
1000000, 1781250, 0, 0
1000000, 1765625, 0, 0
1000000, 1750000, 0, 0
1000000, 1734375, 0, 0
1000000, 1718750, 0, 0
1000000, 1703125, 0, 0
1000000, 1687500, 0, 0
1000000, 1671875, 0, 0
1000000, 1656250, 0, 0
1000000, 1640625, 0, 0
1000000, 1625000, 0, 0
1000000, 1609375, 0, 0
1000000, 1593750, 0, 0
1000000, 1578125, 0, 0
1000000, 1562500, 0, 0
1000000, 1546875, 0, 0
1000000, 1531250, 0, 0
1000000, 1515625, 0, 0
1000000, 1500000, 0, 0
1000000, 1484375, 0, 0
1000000, 1468750, 0, 0
1000000, 1453125, 0, 0
1000000, 1437500, 0, 0
1000000, 1421875, 0, 0
1000000, 1406250, 0, 0
1000000, 1390625, 0, 0
1000000, 1375000, 0, 0
1000000, 1359375, 0, 0
1000000, 1343750, 0, 0
1000000, 1328125, 0, 0
1000000, 1312500, 0, 0
1000000, 1296875, 0, 0
1000000, 1281250, 0, 0
1000000, 1265625, 0, 0
1000000, 1250000, 0, 0
1000000, 1234375, 0, 0
1000000, 1218750, 0, 0
1000000, 1203125, 0, 0
1000000, 1187500, 0, 0
1000000, 1171875, 0, 0
1000000, 1156250, 0, 0
1000000, 1140625, 0, 0
1000000, 1125000, 0, 0
1000000, 1109375, 0, 0
1000000, 1093750, 0, 0
1000000, 1078125, 0, 0
1000000, 1062500, 0, 0
1000000, 1046875, 0, 0
1000000, 1031250, 0, 0
1000000, 1015625, 0, 0
1000000, 1000000, 0, 0
1400000, 1600000, 0
1400000, 1900000, 0
1300000, 1800000, 0
1170000, 1500000, 0
1050000, 1800000, 0
1170000, 1950000, 0
1010000, 1950000, 0
1010000, 1200000, 0
1650000, 1170000, 0
1605000, 1050000, 0
1800000, 1170000, 0
1750000, 1400000, 0
1700000, 1400000, 0