35, 8, 4, 48
5, 4, 5, 4, 6, 4, 6, 6
2, 1, 8, 1
0, 342, 0, 0
10, 308, 0, 0
59, 274, 0, 0
67, 268, 0, 0
103, 224, 0, 0
75, 173, 0, 0
91, 165, 1, 0
108, 139, 1, 0
113, 135, 1, 0
117, 97, 1, 0
121, 47, 0, 0
181, 104, 1, 0
219, 107, 1, 0
227, 106, 0, 1
259, 32, 1, 0
288, 28, 0, 1
338, 83, 0, 1
357, 116, 0, 1
425, 108, 0, 0
361, 172, 1, 0
418, 254, 0, 0
443, 285, 1, 0
368, 352, 0, 0
394, 430, 1, 0
347, 394, 0, 0
289, 398, 1, 0
282, 408, 1, 0
250, 459, 1, 0
223, 425, 0, 0
170, 389, 0, 0
146, 390, 0, 0
141, 395, 0, 0
121, 433, 1, 0
85, 384, 0, 0
77, 377, 0, 0
242, 342, 1
256, 288, 1
269, 279, 0
306, 332, 1
272, 343, 0
280, 124, 0
300, 107, 1
349, 120, 0
330, 157, 0
266, 202, 1
316, 228, 0
339, 252, 0
277, 268, 1
271, 260, 0
117, 270, 1
142, 262, 1
146, 270, 1
130, 292, 1
143, 314, 1
175, 292, 1
195, 300, 1
208, 335, 1
166, 348, 0
158, 341, 1
264, 135, 0
322, 165, 0
316, 171, 0
269, 184, 0
100, 326, 1
101, 315, 0
110, 314, 1
139, 343, 0
120, 355, 0
115, 350, 1
186, 188, 1
212, 183, 0
257, 201, 0
231, 240, 0
217, 248, 1
208, 242, 1
