72, 16, 16, 200
8, 8, 8, 8, 8, 8, 8, 8, 8, 8, 8, 8, 8, 8, 8, 8
1, 10, 1000, 1
0, 5, 1, 0
5, 0, 1, 1
10, 0, 1, 0
15, 5, 1, 0
50, 5, 1, 0
55, 0, 1, 1
60, 0, 1, 0
65, 5, 1, 0
100, 5, 1, 0
105, 0, 1, 1
110, 0, 1, 0
115, 5, 1, 0
150, 5, 1, 0
155, 0, 1, 1
160, 0, 1, 0
165, 5, 1, 0
200, 5, 1, 0
205, 0, 1, 1
210, 0, 1, 0
215, 5, 1, 0
215, 10, 1, 0
210, 15, 1, 0
210, 50, 1, 0
215, 55, 1, 1
215, 60, 1, 0
210, 65, 1, 0
210, 100, 1, 0
215, 105, 1, 1
215, 110, 1, 0
210, 115, 1, 0
210, 150, 1, 0
215, 155, 1, 1
215, 160, 1, 0
210, 165, 1, 0
210, 200, 1, 0
215, 205, 1, 0
215, 210, 1, 0
210, 215, 1, 0
205, 215, 1, 1
200, 210, 1, 0
165, 210, 1, 0
160, 215, 1, 0
155, 215, 1, 1
150, 210, 1, 0
115, 210, 1, 0
110, 215, 1, 0
105, 215, 1, 1
100, 210, 1, 0
65, 210, 1, 0
60, 215, 1, 0
55, 215, 1, 1
50, 210, 1, 0
15, 210, 1, 0
10, 215, 1, 0
5, 215, 1, 1
0, 210, 1, 0
0, 205, 1, 0
5, 200, 1, 0
5, 165, 1, 0
0, 160, 1, 0
0, 155, 1, 1
5, 150, 1, 0
5, 115, 1, 0
0, 110, 1, 0
0, 105, 1, 1
5, 100, 1, 0
5, 65, 1, 0
0, 60, 1, 0
0, 55, 1, 1
5, 50, 1, 0
5, 15, 1, 0
0, 10, 1, 0
10, 15, 1
15, 10, 1
50, 10, 1
55, 15, 1
55, 50, 1
50, 55, 1
15, 55, 1
10, 50, 1
10, 65, 1
15, 60, 1
50, 60, 1
55, 65, 1
55, 100, 1
50, 105, 1
15, 105, 1
10, 100, 1
10, 115, 1
15, 110, 1
50, 110, 1
55, 115, 1
55, 150, 1
50, 155, 1
15, 155, 1
10, 150, 1
10, 165, 1
15, 160, 1
50, 160, 1
55, 165, 1
55, 200, 1
50, 205, 1
15, 205, 1
10, 200, 1
60, 15, 1
65, 10, 1
100, 10, 1
105, 15, 1
105, 50, 1
100, 55, 1
65, 55, 1
60, 50, 1
60, 65, 1
65, 60, 1
100, 60, 1
105, 65, 1
105, 100, 1
100, 105, 1
65, 105, 1
60, 100, 1
60, 115, 1
65, 110, 1
100, 110, 1
105, 115, 1
105, 150, 1
100, 155, 1
65, 155, 1
60, 150, 1
60, 165, 1
65, 160, 1
100, 160, 1
105, 165, 1
105, 200, 1
100, 205, 1
65, 205, 1
60, 200, 1
110, 15, 1
115, 10, 1
150, 10, 1
155, 15, 1
155, 50, 1
150, 55, 1
115, 55, 1
110, 50, 1
110, 65, 1
115, 60, 1
150, 60, 1
155, 65, 1
155, 100, 1
150, 105, 1
115, 105, 1
110, 100, 1
110, 115, 1
115, 110, 1
150, 110, 1
155, 115, 1
155, 150, 1
150, 155, 1
115, 155, 1
110, 150, 1
110, 165, 1
115, 160, 1
150, 160, 1
155, 165, 1
155, 200, 1
150, 205, 1
115, 205, 1
110, 200, 1
160, 15, 1
165, 10, 1
200, 10, 1
205, 15, 1
205, 50, 1
200, 55, 1
165, 55, 1
160, 50, 1
160, 65, 1
165, 60, 1
200, 60, 1
205, 65, 1
205, 100, 1
200, 105, 1
165, 105, 1
160, 100, 1
160, 115, 1
165, 110, 1
200, 110, 1
205, 115, 1
205, 150, 1
200, 155, 1
165, 155, 1
160, 150, 1
160, 165, 1
165, 160, 1
200, 160, 1
205, 165, 1
205, 200, 1
200, 205, 1
165, 205, 1
160, 200, 1
