56, 4, 5, 27
8, 5, 9, 8
4, 5, 300, 1
285, 500, 0, 0
240, 450, 0, 0
240, 425, 0, 0
260, 425, 0, 0
260, 415, 0, 0
200, 415, 0, 0
200, 410, 0, 0
175, 410, 0, 1
150, 410, 0, 0
150, 415, 0, 0
125, 415, 0, 0
125, 455, 0, 0
75, 455, 1, 0
25, 455, 0, 0
25, 420, 1, 0
25, 385, 1, 0
25, 350, 0, 0
5, 350, 0, 0
5, 305, 1, 0
5, 260, 1, 0
5, 215, 1, 0
5, 170, 1, 0
5, 125, 0, 0
35, 125, 0, 1
130, 125, 0, 0
130, 150, 0, 0
230, 150, 0, 0
230, 140, 0, 0
290, 140, 0, 1
350, 140, 0, 0
350, 150, 0, 0
390, 150, 1, 0
425, 150, 1, 0
465, 150, 0, 0
465, 125, 0, 0
510, 125, 1, 0
560, 125, 0, 1
590, 125, 0, 0
590, 150, 1, 0
590, 175, 1, 0
590, 350, 0, 0
565, 350, 0, 0
565, 385, 1, 0
565, 420, 1, 0
565, 455, 0, 0
540, 455, 0, 1
500, 455, 1, 0
465, 455, 0, 0
465, 405, 0, 0
400, 405, 0, 0
400, 415, 0, 0
335, 415, 0, 0
335, 425, 0, 0
355, 425, 0, 0
355, 450, 0, 0
310, 500, 0, 0
360, 260, 1
320, 260, 0
320, 200, 0
365, 200, 1
410, 200, 1
455, 200, 1
500, 200, 0
500, 260, 0
400, 390, 0
400, 355, 1
400, 320, 0
475, 320, 0
475, 390, 0
100, 390, 0
100, 340, 0
150, 340, 0
150, 310, 1
150, 280, 0
200, 280, 0
200, 320, 1
200, 355, 1
200, 390, 0
200, 225, 1
150, 225, 1
100, 225, 0
100, 200, 0
150, 200, 1
200, 200, 1
250, 200, 0
250, 225, 0