11, 5, 0, 0
9, 11, 12, 6, 5
1, 20, 100, 2
455, 49, 0, 1
227, 89, 0, 0
150, 271, 1, 0
254, 510, 0, 0
388, 646, 1, 0
509, 516, 0, 0
684, 616, 0, 1
583, 386, 0, 0
765, 331, 1, 0
698, 133, 1, 0
518, 125, 0, 0
429, 86, 0
342, 105, 0
303, 169, 0
385, 231, 0
466, 214, 0
390, 194, 0
378, 153, 1
424, 156, 0
453, 121, 0
245, 106, 0
190, 239, 0
207, 323, 0
289, 314, 0
342, 252, 0
228, 289, 1
297, 240, 0
229, 210, 1
309, 212, 0
256, 161, 1
298, 135, 0
682, 234, 0
626, 169, 0
534, 177, 0
453, 256, 1
360, 275, 0
348, 329, 0
446, 362, 0
431, 306, 1
549, 389, 0
552, 259, 1
640, 334, 0
720, 297, 0
328, 350, 0
241, 348, 0
283, 531, 0
339, 540, 0
376, 435, 0
306, 411, 1
605, 524, 0
491, 377, 0
409, 417, 0
392, 532, 0
503, 476, 1
