2
23
245, 0, 1, 0
245, -25, 2, 0
245, -50, 3, 0
245, -75, 4, 0
220, -100, 5, 0
175, -125, 6, 0
125, -125, 7, 0
50, -125, 8, 0
-35, -125, 9, 0
-87, -125, 10, 0
-133, -125, 11, 0
-200, -130, 12, 0
-250, -125, 13, 0
-250, -66, 14, 0
-225, -45, 15, 0
-177, -45, 16, 0
-131, -45, 17, 0
-89, -45, 18, 0
-43, -45, 19, 0
-5, -25, 20, 0
47, 0, 21, 0
93, 0, 22, 0
141, 0, 23, 0
247, 0, 24, 0
12
-230, 100, 1, 0
-198, 100, 2, 0
-144, 100, 3, 0
-100, 100, 4, 0
-62, 100, 5, 0
-16, 100, 6, 0
-4, 125, 7, 0
18, 100, 8, 0
90, 100, 9, 0
136, 100, 10, 0
176, 100, 11, 0
220, 100, 12, 0
215, 128, 13, 0